{
    "animation": [
        {
            "name": "Root",
            "time": [0.0, 0.1167, 0.2333, 0.45, 0.5667, 0.6, 0.6333, 0.6667, 0.6833, 0.7167, 0.75, 0.7833, 1.05, 1.2333, 1.2667, 1.3, 1.3167, 1.3833, 1.4167, 1.45, 1.5, 1.5667, 1.65, 1.7667, 2.2, 2.7667, 3.2167, 3.5167, 3.7, 3.85, 3.9, 4.0, 4.1833, 4.3333, 4.5, 4.5167, 4.8333, 5.0167],
            "transform": [
                [0.256425, -0.014521, 0.966455, -0.021699, 0.966546, -0.002258, -0.256483, 0.155578, 0.005907, 0.999892, 0.013456, 0.551478, 0.0, 0.0, 0.0, 1.0],
                [0.221779, -0.014431, 0.97499, -0.021699, 0.975079, -0.002775, -0.22184, 0.155578, 0.005907, 0.999892, 0.013456, 0.520586, 0.0, 0.0, 0.0, 1.0],
                [0.18685, -0.014323, 0.982284, -0.021699, 0.982371, -0.003288, -0.186914, 0.155578, 0.005907, 0.999892, 0.013456, 0.489694, 0.0, 0.0, 0.0, 1.0],
                [0.529423, -0.014314, 0.848238, -0.021699, 0.848293, -0.00346, -0.529516, 0.514257, 0.010514, 0.999892, 0.01031, 0.489694, 0.0, 0.0, 0.0, 1.0],
                [0.647564, -0.014323, 0.761877, -0.021699, 0.76192, -0.003288, -0.647663, 0.656942, 0.011782, 0.999892, 0.008784, 0.489694, 0.0, 0.0, 0.0, 1.0],
                [0.824472, -0.014283, 0.565723, -0.021699, 0.565739, -0.003237, -0.824578, 0.70212, 0.013609, 0.999893, 0.005411, 0.501172, 0.0, 0.0, 0.0, 1.0],
                [0.987104, -0.014285, 0.159442, -0.021699, 0.159411, -0.003255, -0.987207, 0.746986, 0.014622, 0.999893, -0.000936, 0.52337, 0.0, 0.0, 0.0, 1.0],
                [0.976743, -0.014307, -0.213938, -0.021699, -0.214004, -0.003277, -0.976827, 0.781587, 0.013274, 0.999892, -0.006263, 0.543141, 0.0, 0.0, 0.0, 1.0],
                [0.934461, -0.014323, -0.355779, -0.021699, -0.355857, -0.003288, -0.934535, 0.793645, 0.012216, 0.999892, -0.00817, 0.551718, 0.0, 0.0, 0.0, 1.0],
                [0.822021, -0.014463, -0.569273, -0.021699, -0.569362, -0.002603, -0.822083, 0.80587, 0.010408, 0.999892, -0.010375, 0.611845, 0.0, 0.0, 0.0, 1.0],
                [0.760617, -0.014505, -0.649038, -0.021699, -0.649125, -0.001775, -0.760679, 0.81036, 0.009881, 0.999893, -0.010766, 0.611845, 0.0, 0.0, 0.0, 1.0],
                [0.740062, -0.014564, -0.672381, -0.021699, -0.672467, -0.001437, -0.740126, 0.811479, 0.009813, 0.999893, -0.010858, 0.611845, 0.0, 0.0, 0.0, 1.0],
                [0.647983, -0.073004, -0.758148, -0.021699, -0.760121, 0.00117, -0.649781, 0.816502, 0.048324, 0.997331, -0.054734, 0.611845, 0.0, 0.0, 0.0, 1.0],
                [0.76677, -0.073004, -0.637757, -0.021699, -0.639397, 0.00117, -0.768876, 0.816502, 0.056877, 0.997331, -0.045781, 0.574079, 0.0, 0.0, 0.0, 1.0],
                [0.781577, -0.073004, -0.619523, -0.021699, -0.621113, 0.00117, -0.78372, 0.816502, 0.05794, 0.997331, -0.044429, 0.574079, 0.0, 0.0, 0.0, 1.0],
                [0.82548, -0.073004, -0.55969, -0.011892, -0.561116, 0.00117, -0.827736, 0.816502, 0.061083, 0.997331, -0.039998, 0.574079, 0.0, 0.0, 0.0, 1.0],
                [0.993583, -0.073004, -0.086391, 0.018467, -0.086537, 0.00117, -0.996248, 0.816502, 0.072831, 0.997331, -0.005155, 0.546791, 0.0, 0.0, 0.0, 1.0],
                [0.987085, 0.125823, -0.099152, 0.120459, -0.087337, -0.096182, -0.991525, 0.962149, -0.134293, 0.987379, -0.083951, 0.536896, 0.0, 0.0, 0.0, 1.0],
                [0.976265, 0.188392, -0.106845, 0.141438, -0.083625, -0.127181, -0.988348, 1.067371, -0.199785, 0.973824, -0.108408, 0.527885, 0.0, 0.0, 0.0, 1.0],
                [0.968509, 0.16123, 0.189726, 0.084328, 0.204395, -0.079727, -0.975636, 1.155409, -0.142176, 0.983691, -0.110171, 0.500213, 0.0, 0.0, 0.0, 1.0],
                [-0.025324, -0.005543, 0.999664, -0.094993, 0.999646, -0.00826, 0.025278, 1.269379, 0.008117, 0.999951, 0.00575, 0.432499, 0.0, 0.0, 0.0, 1.0],
                [-0.580417, -0.005543, 0.8143, -0.094993, 0.814311, -0.00826, 0.580369, 1.269379, 0.003509, 0.999951, 0.009308, 0.420491, 0.0, 0.0, 0.0, 1.0],
                [-0.580417, -0.005543, 0.8143, -0.094993, 0.814311, -0.00826, 0.580369, 1.269379, 0.003509, 0.999951, 0.009308, 0.411485, 0.0, 0.0, 0.0, 1.0],
                [-0.580417, -0.005543, 0.8143, -0.094993, 0.814311, -0.00826, 0.580369, 1.269379, 0.003509, 0.999951, 0.009308, 0.39031, 0.0, 0.0, 0.0, 1.0],
                [-0.580417, -0.005543, 0.8143, -0.094993, 0.814311, -0.00826, 0.580369, 1.269379, 0.003509, 0.999951, 0.009308, 0.379116, 0.0, 0.0, 0.0, 1.0],
                [-0.580417, -0.005543, 0.8143, -0.094993, 0.814311, -0.00826, 0.580369, 1.269379, 0.003509, 0.999951, 0.009308, 0.379116, 0.0, 0.0, 0.0, 1.0],
                [-0.494367, -0.005543, 0.869235, -0.094993, 0.869242, -0.00826, 0.494318, 1.269379, 0.00444, 0.999951, 0.008901, 0.411641, 0.0, 0.0, 0.0, 1.0],
                [0.037825, -0.005524, 0.999269, -0.094993, 0.999249, -0.008242, -0.03787, 1.269379, 0.008445, 0.999951, 0.005208, 0.471358, 0.0, 0.0, 0.0, 1.0],
                [0.407724, -0.005534, 0.913088, -0.094993, 0.913053, -0.008254, -0.407759, 1.269379, 0.009793, 0.999951, 0.001687, 0.504312, 0.0, 0.0, 0.0, 1.0],
                [0.538059, -0.005543, 0.842889, -0.094993, 0.842849, -0.00826, -0.538087, 1.269379, 0.009944, 0.999951, 0.000228, 0.51618, 0.0, 0.0, 0.0, 1.0],
                [0.574567, -0.005545, 0.818439, -0.094993, 0.818397, -0.008261, -0.574593, 1.270586, 0.009947, 0.999951, -0.000208, 0.523612, 0.0, 0.0, 0.0, 1.0],
                [0.615951, -0.005546, 0.787765, -0.094993, 0.787722, -0.008261, -0.615976, 1.277927, 0.009924, 0.99995, -0.00072, 0.53744, 0.0, 0.0, 0.0, 1.0],
                [0.678945, -0.005546, 0.734168, -0.094993, 0.734123, -0.008261, -0.678966, 1.304929, 0.009831, 0.99995, -0.001537, 0.568984, 0.0, 0.0, 0.0, 1.0],
                [0.721028, -0.005545, 0.692884, -0.094993, 0.692838, -0.00826, -0.721046, 1.334635, 0.009722, 0.999951, -0.002114, 0.59727, 0.0, 0.0, 0.0, 1.0],
                [0.747, -0.005543, 0.664801, -0.094993, 0.664754, -0.00826, -0.747017, 1.362675, 0.009632, 0.999951, -0.002485, 0.620824, 0.0, 0.0, 0.0, 1.0],
                [0.747313, -0.005543, 0.664449, -0.094993, 0.664402, -0.00826, -0.74733, 1.363102, 0.00963, 0.999951, -0.00249, 0.621164, 0.0, 0.0, 0.0, 1.0],
                [0.883578, -0.015306, 0.468034, -0.059366, 0.467736, 0.077197, -0.88049, 1.417372, -0.022654, 0.996898, 0.075369, 0.690005, 0.0, 0.0, 0.0, 1.0],
                [0.929815, -0.012881, 0.367801, -0.042845, 0.36671, 0.116907, -0.922961, 1.441898, -0.03111, 0.993059, 0.113425, 0.721417, 0.0, 0.0, 0.0, 1.0]
            ]
        },
        {
            "name": "Thigh_R",
            "time": [0.0, 0.1167, 0.2333, 0.45, 0.5667, 0.6, 0.6333, 0.6667, 0.6833, 0.7167, 0.75, 0.7833, 1.05, 1.2333, 1.2667, 1.3, 1.3167, 1.3833, 1.4167, 1.45, 1.5, 1.5667, 1.65, 1.7667, 2.2, 2.7667, 3.2167, 3.5167, 3.7, 3.85, 3.9, 4.0, 4.1833, 4.3333, 4.5, 4.5167, 4.8333, 5.0167],
            "transform": [
                [0.647082, 0.602827, 0.466775, 0.124994, 0.347095, -0.778028, 0.523635, -0.002831, 0.678828, -0.17682, -0.71269, -1.2e-05, 0.0, 0.0, 0.0, 1.0],
                [0.715628, 0.596869, 0.362793, 0.124994, 0.372399, -0.765461, 0.524773, -0.002831, 0.590927, -0.240438, -0.770062, -1.2e-05, 0.0, 0.0, 0.0, 1.0],
                [0.768668, 0.579927, 0.269866, 0.124994, 0.39086, -0.75982, 0.519517, -0.002831, 0.506335, -0.293856, -0.810724, -1.2e-05, 0.0, 0.0, 0.0, 1.0],
                [0.912478, 0.102219, 0.396147, 0.124994, 0.013237, -0.975151, 0.221139, -0.002831, 0.40891, -0.196541, -0.891159, -1.2e-05, 0.0, 0.0, 0.0, 1.0],
                [0.913962, -0.072266, 0.399309, 0.124994, -0.053794, -0.996906, -0.057287, -0.002831, 0.402217, 0.030876, -0.915025, -1.2e-05, 0.0, 0.0, 0.0, 1.0],
                [0.964826, -0.056519, 0.256739, 0.124994, -0.028918, -0.993506, -0.110026, -0.002831, 0.261292, 0.09873, -0.960196, -1.2e-05, 0.0, 0.0, 0.0, 1.0],
                [0.99786, 0.060357, 0.025128, 0.124994, 0.062834, -0.991578, -0.113245, -0.002831, 0.018083, 0.114582, -0.993248, -1.2e-05, 0.0, 0.0, 0.0, 1.0],
                [0.97234, 0.19028, -0.135451, 0.124994, 0.178728, -0.979492, -0.093014, -0.002831, -0.150371, 0.066235, -0.986407, -1.2e-05, 0.0, 0.0, 0.0, 1.0],
                [0.951663, 0.238602, -0.1934, 0.124994, 0.227303, -0.970613, -0.079007, -0.002831, -0.206567, 0.03123, -0.977933, -1.2e-05, 0.0, 0.0, 0.0, 1.0],
                [0.879284, 0.397736, 0.262036, 0.124994, 0.420364, -0.906706, -0.034299, -0.002831, 0.223949, 0.14031, -0.964447, -1.2e-05, 0.0, 0.0, 0.0, 1.0],
                [0.896878, 0.414144, 0.155211, 0.124994, 0.420923, -0.907015, -0.012104, -0.002831, 0.135766, 0.076188, -0.987806, -1.2e-05, 0.0, 0.0, 0.0, 1.0],
                [0.900544, 0.417345, 0.12182, 0.124994, 0.421062, -0.907016, -0.005274, -0.002831, 0.108292, 0.056044, -0.992537, -1.2e-05, 0.0, 0.0, 0.0, 1.0],
                [0.922809, 0.385224, 0.004642, 0.124994, 0.384617, -0.920518, -0.068683, -0.002831, -0.022185, 0.065168, -0.997627, -1.2e-05, 0.0, 0.0, 0.0, 1.0],
                [0.897065, 0.420796, 0.134906, 0.124994, 0.412604, -0.906915, 0.085225, -0.002831, 0.158212, -0.020788, -0.987186, -1.2e-05, 0.0, 0.0, 0.0, 1.0],
                [0.9205, 0.38729, 0.051781, 0.124994, 0.386204, -0.921925, 0.030035, -0.002831, 0.05937, -0.007647, -0.998205, -1.2e-05, 0.0, 0.0, 0.0, 1.0],
                [0.942446, 0.334349, -0.002125, 0.124994, 0.333846, -0.94133, -0.049455, -0.002831, -0.018535, 0.045902, -0.998773, -1.2e-05, 0.0, 0.0, 0.0, 1.0],
                [0.829815, 0.211009, 0.516603, 0.124994, 0.336904, -0.927438, -0.162342, -0.002831, 0.444861, 0.308762, -0.840692, -1.2e-05, 0.0, 0.0, 0.0, 1.0],
                [0.884285, -0.009286, -0.466854, 0.124994, 0.404224, -0.485294, 0.775303, -0.002831, -0.233759, -0.874299, -0.425385, -1.2e-05, 0.0, 0.0, 0.0, 1.0],
                [0.757335, -0.261502, -0.59838, 0.124994, 0.490829, -0.376455, 0.785728, -0.002831, -0.430732, -0.888759, -0.15675, -1.2e-05, 0.0, 0.0, 0.0, 1.0],
                [0.846883, -0.196086, -0.494305, 0.124994, 0.408002, -0.356577, 0.840469, -0.002831, -0.341062, -0.913453, -0.221976, -1.2e-05, 0.0, 0.0, 0.0, 1.0],
                [0.817183, 0.566331, 0.107125, 0.124994, 0.131794, -0.364536, 0.921816, -0.002831, 0.561107, -0.739173, -0.372533, -1.2e-05, 0.0, 0.0, 0.0, 1.0],
                [0.685084, -0.058083, -0.726143, 0.124994, 0.301995, -0.884479, 0.355664, -0.002831, -0.662917, -0.462945, -0.588403, -1.2e-05, 0.0, 0.0, 0.0, 1.0],
                [0.684041, -0.061506, -0.726845, 0.124994, 0.307171, -0.879496, 0.363502, -0.002831, -0.661615, -0.471909, -0.582719, -1.2e-05, 0.0, 0.0, 0.0, 1.0],
                [0.681351, -0.067823, -0.728807, 0.124994, 0.320036, -0.867876, 0.37996, -0.002831, -0.658284, -0.492124, -0.569623, -1.2e-05, 0.0, 0.0, 0.0, 1.0],
                [0.679779, -0.070181, -0.73005, 0.124994, 0.327263, -0.861794, 0.387571, -0.002831, -0.656353, -0.502375, -0.562863, -1.2e-05, 0.0, 0.0, 0.0, 1.0],
                [0.679779, -0.070181, -0.73005, 0.124994, 0.327263, -0.861794, 0.387571, -0.002831, -0.656353, -0.502375, -0.562863, -1.2e-05, 0.0, 0.0, 0.0, 1.0],
                [0.81447, 0.091282, -0.572978, 0.124994, 0.428897, -0.759806, 0.488614, -0.002831, -0.39075, -0.643704, -0.657991, -1.2e-05, 0.0, 0.0, 0.0, 1.0],
                [0.804015, 0.568512, 0.174203, 0.124994, 0.214446, -0.550502, 0.806821, -0.002831, 0.55459, -0.611339, -0.56453, -1.2e-05, 0.0, 0.0, 0.0, 1.0],
                [0.710177, 0.632668, 0.308829, 0.124994, 0.173676, -0.582545, 0.794025, -0.002831, 0.682264, -0.510262, -0.523593, -1.2e-05, 0.0, 0.0, 0.0, 1.0],
                [0.723464, 0.619869, 0.303904, 0.124994, 0.188984, -0.601219, 0.776414, -0.002831, 0.66399, -0.504275, -0.552109, -1.2e-05, 0.0, 0.0, 0.0, 1.0],
                [0.75665, 0.585613, 0.290746, 0.124994, 0.182348, -0.616058, 0.766302, -0.002831, 0.627877, -0.526805, -0.572929, -1.2e-05, 0.0, 0.0, 0.0, 1.0],
                [0.794913, 0.536331, 0.283648, 0.124994, 0.171953, -0.647494, 0.742417, -0.002831, 0.581845, -0.541383, -0.606928, -1.2e-05, 0.0, 0.0, 0.0, 1.0],
                [0.853538, 0.438314, 0.28169, 0.124994, 0.149378, -0.723806, 0.673638, -0.002831, 0.499157, -0.532897, -0.683274, -1.2e-05, 0.0, 0.0, 0.0, 1.0],
                [0.891674, 0.355698, 0.279988, 0.124994, 0.129402, -0.792994, 0.595325, -0.002831, 0.433788, -0.494604, -0.753124, -1.2e-05, 0.0, 0.0, 0.0, 1.0],
                [0.915167, 0.290289, 0.279639, 0.124994, 0.112691, -0.850374, 0.513967, -0.002831, 0.387, -0.438852, -0.810951, -1.2e-05, 0.0, 0.0, 0.0, 1.0],
                [0.915455, 0.289362, 0.279655, 0.124994, 0.112448, -0.851198, 0.512653, -0.002831, 0.386388, -0.437864, -0.811776, -1.2e-05, 0.0, 0.0, 0.0, 1.0],
                [0.923684, 0.31551, 0.217389, 0.124994, 0.17929, -0.857338, 0.482518, -0.002831, 0.338618, -0.406718, -0.848479, -1.2e-05, 0.0, 0.0, 0.0, 1.0],
                [0.860781, 0.365334, 0.354378, 0.124994, 0.165305, -0.859182, 0.484229, -0.002831, 0.481382, -0.358234, -0.799962, -1.2e-05, 0.0, 0.0, 0.0, 1.0]
            ]
        },
        {
            "name": "Leg_R",
            "time": [0.0, 0.1167, 0.2333, 0.45, 0.5667, 0.6, 0.6333, 0.6667, 0.6833, 0.7167, 0.75, 0.7833, 1.05, 1.2333, 1.2667, 1.3, 1.3167, 1.3833, 1.4167, 1.45, 1.5, 1.5667, 1.65, 1.7667, 2.2, 2.7667, 3.2167, 3.5167, 3.7, 3.85, 3.9, 4.0, 4.1833, 4.3333, 4.5, 4.5167, 4.8333, 5.0167],
            "transform": [
                [1.0, -0.0, 1e-06, -0.0, -0.0, 0.4882, 0.872734, 0.37472, -1e-06, -0.872732, 0.488198, -0.0, 0.0, 0.0, 0.0, 1.0],
                [1.0, -1e-06, 0.0, 0.0, -0.0, 0.363873, 0.931451, 0.37472, -1e-06, -0.931448, 0.363871, 0.0, 0.0, 0.0, 0.0, 1.0],
                [1.0, -1e-06, 0.0, 0.0, -0.0, 0.246695, 0.969095, 0.37472, -1e-06, -0.969092, 0.246693, -0.0, 0.0, 0.0, 0.0, 1.0],
                [1.0, -1e-06, 0.0, 0.0, -0.0, 0.265949, 0.963988, 0.37472, -1e-06, -0.963987, 0.265948, -0.0, 0.0, 0.0, 0.0, 1.0],
                [1.0, -0.0, 1e-06, -0.0, -0.0, 0.5007, 0.865621, 0.37472, -1e-06, -0.865622, 0.500698, -0.0, 0.0, 0.0, 0.0, 1.0],
                [1.0, -0.0, 1e-06, -0.0, -0.0, 0.576824, 0.816868, 0.37472, -1e-06, -0.81687, 0.576823, 0.0, 0.0, 0.0, 0.0, 1.0],
                [1.0, -0.0, 1e-06, -0.0, -0.0, 0.636617, 0.771179, 0.37472, -1e-06, -0.771182, 0.636616, 0.0, 0.0, 0.0, 0.0, 1.0],
                [1.0, -0.0, 1e-06, 0.0, -0.0, 0.689892, 0.723912, 0.37472, -1e-06, -0.723914, 0.689892, 0.0, 0.0, 0.0, 0.0, 1.0],
                [1.0, -0.0, 1e-06, 0.0, -0.0, 0.716227, 0.697867, 0.37472, -1e-06, -0.697869, 0.716226, 0.0, 0.0, 0.0, 0.0, 1.0],
                [1.0, 0.0, 1e-06, 0.0, -0.0, 0.963954, 0.26607, 0.37472, -1e-06, -0.266072, 0.963953, 0.0, 0.0, 0.0, 0.0, 1.0],
                [1.0, 0.0, 1e-06, 0.0, -0.0, 0.957996, 0.286784, 0.37472, -1e-06, -0.286786, 0.957995, 0.0, 0.0, 0.0, 0.0, 1.0],
                [1.0, -0.0, 1e-06, 0.0, -0.0, 0.956287, 0.292431, 0.37472, -1e-06, -0.292432, 0.956286, 0.0, 0.0, 0.0, 0.0, 1.0],
                [1.0, 0.0, 1e-06, -0.0, -0.0, 0.976828, 0.214027, 0.37472, -1e-06, -0.214029, 0.976827, -0.0, 0.0, 0.0, 0.0, 1.0],
                [1.0, -0.0, 1e-06, 0.0, -0.0, 0.826649, 0.562717, 0.37472, -1e-06, -0.562719, 0.826649, -0.0, 0.0, 0.0, 0.0, 1.0],
                [1.0, -0.0, 1e-06, 0.0, -0.0, 0.83081, 0.556555, 0.37472, -1e-06, -0.556557, 0.83081, -0.0, 0.0, 0.0, 0.0, 1.0],
                [1.0, -0.0, 1e-06, 0.0, -0.0, 0.837521, 0.546405, 0.37472, -1e-06, -0.546407, 0.837521, 0.0, 0.0, 0.0, 0.0, 1.0],
                [1.0, -0.0, 1e-06, -0.0, -0.0, 0.844906, 0.534914, 0.37472, -1e-06, -0.534918, 0.844906, -0.0, 0.0, 0.0, 0.0, 1.0],
                [1.0, -1e-06, 0.0, -0.0, -0.0, -0.017016, 0.999856, 0.37472, -1e-06, -0.999854, -0.017018, 0.0, 0.0, 0.0, 0.0, 1.0],
                [1.0, -1e-06, 0.0, -0.0, -0.0, 0.39349, 0.91933, 0.37472, -1e-06, -0.919329, 0.393489, 0.0, 0.0, 0.0, 0.0, 1.0],
                [1.0, -1e-06, 1e-06, 0.0, -0.0, 0.239861, 0.970809, 0.37472, -1e-06, -0.970807, 0.23986, -0.0, 0.0, 0.0, 0.0, 1.0],
                [1.0, -1e-06, 0.0, 0.0, -0.0, 0.148558, 0.988906, 0.37472, -1e-06, -0.988902, 0.148556, 0.0, 0.0, 0.0, 0.0, 1.0],
                [1.0, -1e-06, 0.0, -0.0, -0.0, 0.066915, 0.997759, 0.37472, -1e-06, -0.997759, 0.066914, -0.0, 0.0, 0.0, 0.0, 1.0],
                [1.0, -1e-06, 0.0, -0.0, -0.0, 0.036124, 0.999348, 0.37472, -1e-06, -0.999348, 0.036123, -0.0, 0.0, 0.0, 0.0, 1.0],
                [1.0, -1e-06, 0.0, -0.0, -0.0, -0.034007, 0.999422, 0.37472, -1e-06, -0.999422, -0.034008, 0.0, 0.0, 0.0, 0.0, 1.0],
                [1.0, -1e-06, 0.0, -0.0, -0.0, -0.0698, 0.997561, 0.37472, -1e-06, -0.997561, -0.069801, -0.0, 0.0, 0.0, 0.0, 1.0],
                [1.0, -1e-06, 0.0, -0.0, -0.0, -0.0698, 0.997561, 0.37472, -1e-06, -0.997561, -0.069801, -0.0, 0.0, 0.0, 0.0, 1.0],
                [1.0, -1e-06, 0.0, -0.0, -0.0, 0.035209, 0.999381, 0.37472, -1e-06, -0.99938, 0.035208, -0.0, 0.0, 0.0, 0.0, 1.0],
                [1.0, -1e-06, 0.0, 0.0, -0.0, 0.1618, 0.986826, 0.37472, -1e-06, -0.986822, 0.161798, 0.0, 0.0, 0.0, 0.0, 1.0],
                [1.0, -1e-06, 0.0, 0.0, -0.0, 0.334833, 0.94228, 0.37472, -1e-06, -0.942276, 0.334831, 0.0, 0.0, 0.0, 0.0, 1.0],
                [1.0, -1e-06, 1e-06, 0.0, -0.0, 0.420071, 0.907492, 0.37472, -1e-06, -0.907491, 0.42007, 0.0, 0.0, 0.0, 0.0, 1.0],
                [1.0, -1e-06, 1e-06, 0.0, -0.0, 0.452425, 0.891805, 0.37472, -1e-06, -0.891802, 0.452423, 0.0, 0.0, 0.0, 0.0, 1.0],
                [1.0, -0.0, 1e-06, 0.0, -0.0, 0.503273, 0.86413, 0.37472, -1e-06, -0.864126, 0.503272, -0.0, 0.0, 0.0, 0.0, 1.0],
                [1.0, -0.0, 1e-06, 0.0, -0.0, 0.606893, 0.794786, 0.37472, -1e-06, -0.794783, 0.606891, -0.0, 0.0, 0.0, 0.0, 1.0],
                [1.0, -0.0, 1e-06, -0.0, -0.0, 0.70028, 0.71387, 0.37472, -1e-06, -0.713868, 0.700279, -0.0, 0.0, 0.0, 0.0, 1.0],
                [1.0, -0.0, 1e-06, -0.0, -0.0, 0.781103, 0.624404, 0.37472, -1e-06, -0.624403, 0.781101, -0.0, 0.0, 0.0, 0.0, 1.0],
                [1.0, -0.0, 1e-06, 0.0, -0.0, 0.782298, 0.622906, 0.37472, -1e-06, -0.622905, 0.782297, -0.0, 0.0, 0.0, 0.0, 1.0],
                [1.0, -0.0, 1e-06, 0.0, -0.0, 0.851055, 0.525077, 0.37472, -1e-06, -0.525077, 0.851054, -0.0, 0.0, 0.0, 0.0, 1.0],
                [1.0, -0.0, 1e-06, -0.0, -0.0, 0.908007, 0.418956, 0.37472, -1e-06, -0.418956, 0.908006, -0.0, 0.0, 0.0, 0.0, 1.0]
            ]
        },
        {
            "name": "Knee_R",
            "time": [0.0, 0.1167, 0.2333, 0.45, 0.5667, 0.6, 0.6333, 0.6667, 0.6833, 0.7167, 0.75, 0.7833, 1.05, 1.2333, 1.2667, 1.3, 1.3167, 1.3833, 1.4167, 1.45, 1.5, 1.5667, 1.65, 1.7667, 2.2, 2.7667, 3.2167, 3.5167, 3.7, 3.85, 3.9, 4.0, 4.1833, 4.3333, 4.5, 4.5167, 4.8333, 5.0167],
            "transform": [
                [1.0, 0.0, -0.0, 0.0, -0.0, 1e-06, -1.0, 0.431146, -0.0, 1.0, 1e-06, 0.0, 0.0, 0.0, 0.0, 1.0],
                [1.0, 0.0, -0.0, 0.0, -0.0, 1e-06, -1.0, 0.4456, -0.0, 1.0, 1e-06, -0.0, 0.0, 0.0, 0.0, 1.0],
                [1.0, 0.0, -0.0, 0.0, -0.0, 1e-06, -1.0, 0.458537, -0.0, 1.0, 1e-06, -0.0, 0.0, 0.0, 0.0, 1.0],
                [1.0, 0.0, -0.0, -0.0, -0.0, 1e-06, -1.0, 0.456444, -0.0, 1.0, 1e-06, -0.0, 0.0, 0.0, 0.0, 1.0],
                [1.0, 0.0, -0.0, -0.0, -0.0, 1e-06, -1.0, 0.429635, -0.0, 1.0, 1e-06, -0.0, 0.0, 0.0, 0.0, 1.0],
                [1.0, 0.0, -0.0, 0.0, -0.0, 1e-06, -1.0, 0.420137, -0.0, 1.0, 1e-06, 0.0, 0.0, 0.0, 0.0, 1.0],
                [1.0, 0.0, -0.0, 0.0, -0.0, 1e-06, -1.0, 0.41223, -0.0, 1.0, 1e-06, -0.0, 0.0, 0.0, 0.0, 1.0],
                [1.0, 0.0, -0.0, 0.0, -0.0, 1e-06, -1.0, 0.404747, -0.0, 1.0, 1e-06, -0.0, 0.0, 0.0, 0.0, 1.0],
                [1.0, 0.0, -0.0, 0.0, -0.0, 1e-06, -1.0, 0.400856, -0.0, 1.0, 1e-06, 0.0, 0.0, 0.0, 0.0, 1.0],
                [1.0, 0.0, -0.0, 0.0, -0.0, 1e-06, -1.0, 0.37472, -0.0, 1.0, 1e-06, -0.0, 0.0, 0.0, 0.0, 1.0],
                [1.0, 0.0, -0.0, 0.0, -0.0, 1e-06, -1.0, 0.37472, -0.0, 1.0, 1e-06, -0.0, 0.0, 0.0, 0.0, 1.0],
                [1.0, 0.0, -0.0, 0.0, -0.0, 1e-06, -1.0, 0.37472, -0.0, 1.0, 1e-06, 0.0, 0.0, 0.0, 0.0, 1.0],
                [1.0, -0.0, -0.0, 0.0, -0.0, 1e-06, -1.0, 0.37472, 0.0, 1.0, 1e-06, -0.0, 0.0, 0.0, 0.0, 1.0],
                [1.0, 0.0, -0.0, 0.0, -0.0, 1e-06, -1.0, 0.382501, -0.0, 1.0, 1e-06, 0.0, 0.0, 0.0, 0.0, 1.0],
                [1.0, 0.0, -0.0, -0.0, -0.0, 1e-06, -1.0, 0.38172, -0.0, 1.0, 1e-06, -0.0, 0.0, 0.0, 0.0, 1.0],
                [1.0, 0.0, -0.0, 0.0, -0.0, 1e-06, -1.0, 0.380442, -0.0, 1.0, 1e-06, 0.0, 0.0, 0.0, 0.0, 1.0],
                [1.0, 0.0, -0.0, -0.0, -0.0, 1e-06, -1.0, 0.379007, -0.0, 1.0, 1e-06, 0.0, 0.0, 0.0, 0.0, 1.0],
                [1.0, 0.0, -0.0, 0.0, -0.0, 1e-06, -1.0, 0.48472, -0.0, 1.0, 1e-06, -0.0, 0.0, 0.0, 0.0, 1.0],
                [1.0, 0.0, -0.0, 0.0, -0.0, 1e-06, -1.0, 0.442238, -0.0, 1.0, 1e-06, 0.0, 0.0, 0.0, 0.0, 1.0],
                [1.0, 0.0, -0.0, 0.0, -0.0, 1e-06, -1.0, 0.459277, -0.0, 1.0, 1e-06, -0.0, 0.0, 0.0, 0.0, 1.0],
                [1.0, -0.0, -0.0, 0.0, -0.0, 1e-06, -1.0, 0.469058, -0.0, 1.0, 1e-06, 0.0, 0.0, 0.0, 0.0, 1.0],
                [1.0, 0.0, -0.0, -0.0, -0.0, 1e-06, -1.0, 0.477686, -0.0, 1.0, 1e-06, -0.0, 0.0, 0.0, 0.0, 1.0],
                [1.0, 0.0, -0.0, 0.0, -0.0, 1e-06, -1.0, 0.480925, -0.0, 1.0, 1e-06, -0.0, 0.0, 0.0, 0.0, 1.0],
                [1.0, 0.0, -0.0, -0.0, -0.0, 1e-06, -1.0, 0.48472, -0.0, 1.0, 1e-06, 0.0, 0.0, 0.0, 0.0, 1.0],
                [1.0, 0.0, -0.0, 0.0, -0.0, 1e-06, -1.0, 0.48472, -0.0, 1.0, 1e-06, 0.0, 0.0, 0.0, 0.0, 1.0],
                [1.0, 0.0, -0.0, 0.0, -0.0, 1e-06, -1.0, 0.48472, -0.0, 1.0, 1e-06, 0.0, 0.0, 0.0, 0.0, 1.0],
                [1.0, 0.0, -0.0, 0.0, -0.0, 1e-06, -1.0, 0.481021, -0.0, 1.0, 1e-06, -0.0, 0.0, 0.0, 0.0, 1.0],
                [1.0, 0.0, -0.0, 0.0, -0.0, 1e-06, -1.0, 0.46765, 0.0, 1.0, 1e-06, -0.0, 0.0, 0.0, 0.0, 1.0],
                [1.0, 0.0, -0.0, 0.0, -0.0, 1e-06, -1.0, 0.448856, -0.0, 1.0, 1e-06, -0.0, 0.0, 0.0, 0.0, 1.0],
                [1.0, 0.0, -0.0, 0.0, -0.0, 1e-06, -1.0, 0.439182, -0.0, 1.0, 1e-06, 0.0, 0.0, 0.0, 0.0, 1.0],
                [1.0, 0.0, -0.0, 0.0, -0.0, 1e-06, -1.0, 0.435405, -0.0, 1.0, 1e-06, 0.0, 0.0, 0.0, 0.0, 1.0],
                [1.0, 0.0, -0.0, 0.0, -0.0, 1e-06, -1.0, 0.429323, -0.0, 1.0, 0.0, -0.0, 0.0, 0.0, 0.0, 1.0],
                [1.0, 0.0, -0.0, -0.0, -0.0, 1e-06, -1.0, 0.416217, -0.0, 1.0, 1e-06, -0.0, 0.0, 0.0, 0.0, 1.0],
                [1.0, 0.0, -0.0, 0.0, -0.0, 1e-06, -1.0, 0.403229, -0.0, 1.0, 1e-06, -0.0, 0.0, 0.0, 0.0, 1.0],
                [1.0, 0.0, -0.0, 0.0, -0.0, 1e-06, -1.0, 0.390557, -0.0, 1.0, 1e-06, -0.0, 0.0, 0.0, 0.0, 1.0],
                [1.0, 0.0, -0.0, 0.0, -0.0, 1e-06, -1.0, 0.390356, -0.0, 1.0, 1e-06, -0.0, 0.0, 0.0, 0.0, 1.0],
                [1.0, 0.0, -0.0, 0.0, -0.0, 1e-06, -1.0, 0.377788, -0.0, 1.0, 1e-06, -0.0, 0.0, 0.0, 0.0, 1.0],
                [1.0, 0.0, -0.0, -0.0, -0.0, 1e-06, -1.0, 0.37472, -0.0, 1.0, 1e-06, -0.0, 0.0, 0.0, 0.0, 1.0]
            ]
        },
        {
            "name": "Thigh_L",
            "time": [0.0, 0.1167, 0.2333, 0.45, 0.5667, 0.6, 0.6333, 0.6667, 0.6833, 0.7167, 0.75, 0.7833, 1.05, 1.2333, 1.2667, 1.3, 1.3167, 1.3833, 1.4167, 1.45, 1.5, 1.5667, 1.65, 1.7667, 2.2, 2.7667, 3.2167, 3.5167, 3.7, 3.85, 3.9, 4.0, 4.1833, 4.3333, 4.5, 4.5167, 4.8333, 5.0167],
            "transform": [
                [0.86645, -0.32209, 0.381471, -0.125006, -0.498845, -0.527396, 0.687752, -0.002831, -0.020328, -0.786198, -0.617636, -1.2e-05, 0.0, 0.0, 0.0, 1.0],
                [0.871183, -0.334022, 0.359819, -0.125006, -0.480531, -0.429892, 0.764382, -0.002831, -0.100632, -0.838821, -0.535023, -1.2e-05, 0.0, 0.0, 0.0, 1.0],
                [0.872277, -0.422834, 0.245655, -0.125006, -0.388135, -0.293069, 0.873761, -0.002831, -0.297459, -0.857508, -0.419754, -1.2e-05, 0.0, 0.0, 0.0, 1.0],
                [0.754045, -0.562067, 0.339852, -0.125006, -0.608405, -0.402722, 0.683855, -0.002831, -0.247503, -0.722422, -0.645634, -1.2e-05, 0.0, 0.0, 0.0, 1.0],
                [0.813454, -0.204037, 0.544666, -0.125006, -0.561726, -0.518461, 0.644718, -0.002831, 0.150847, -0.8304, -0.536357, -1.2e-05, 0.0, 0.0, 0.0, 1.0],
                [0.994909, 0.077723, 0.064131, -0.125006, -0.017866, -0.490258, 0.871393, -0.002831, 0.099171, -0.868102, -0.486374, -1.2e-05, 0.0, 0.0, 0.0, 1.0],
                [0.977416, -0.207618, -0.039413, -0.125006, -0.101217, -0.623668, 0.775108, -0.002831, -0.185505, -0.753611, -0.630598, -1.2e-05, 0.0, 0.0, 0.0, 1.0],
                [0.820049, -0.465048, -0.333545, -0.125006, -0.144261, -0.731981, 0.665877, -0.002831, -0.553812, -0.497929, -0.667348, -1.2e-05, 0.0, 0.0, 0.0, 1.0],
                [0.725425, -0.519125, -0.451961, -0.125006, -0.168222, -0.770441, 0.614916, -0.002831, -0.667426, -0.37004, -0.646226, -1.2e-05, 0.0, 0.0, 0.0, 1.0],
                [0.525887, -0.472957, -0.706933, -0.125006, -0.194629, -0.876007, 0.441283, -0.002831, -0.827986, -0.094469, -0.552732, -1.2e-05, 0.0, 0.0, 0.0, 1.0],
                [0.433062, -0.471281, -0.768341, -0.125006, -0.212709, -0.881782, 0.420969, -0.002831, -0.875905, -0.018865, -0.482112, -1.2e-05, 0.0, 0.0, 0.0, 1.0],
                [0.418338, -0.466113, -0.77957, -0.125006, -0.217888, -0.884722, 0.412056, -0.002831, -0.881769, -0.002513, -0.471674, -1.2e-05, 0.0, 0.0, 0.0, 1.0],
                [0.513187, -0.449179, -0.731352, -0.125006, -0.281512, -0.893071, 0.350963, -0.002831, -0.810794, 0.025783, -0.584761, -1.2e-05, 0.0, 0.0, 0.0, 1.0],
                [0.653582, -0.511025, -0.558286, -0.125006, -0.268032, -0.846117, 0.4607, -0.002831, -0.707804, -0.151461, -0.689977, -1.2e-05, 0.0, 0.0, 0.0, 1.0],
                [0.675567, -0.505557, -0.536676, -0.125006, -0.264341, -0.845587, 0.463796, -0.002831, -0.688281, -0.171453, -0.704889, -1.2e-05, 0.0, 0.0, 0.0, 1.0],
                [0.798196, -0.451656, -0.398611, -0.125006, -0.260017, -0.85521, 0.448337, -0.002831, -0.543389, -0.254209, -0.800063, -1.2e-05, 0.0, 0.0, 0.0, 1.0],
                [0.953375, -0.289601, 0.084905, -0.125006, -0.28346, -0.762768, 0.581236, -0.002831, -0.10356, -0.5782, -0.809293, -1.2e-05, 0.0, 0.0, 0.0, 1.0],
                [0.910527, -0.34941, -0.221034, -0.125006, -0.302466, -0.927411, 0.22005, -0.002831, -0.281875, -0.1335, -0.950115, -1.2e-05, 0.0, 0.0, 0.0, 1.0],
                [0.387971, -0.47403, -0.790424, -0.125006, -0.509515, -0.824948, 0.244645, -0.002831, -0.76803, 0.307826, -0.561583, -1.2e-05, 0.0, 0.0, 0.0, 1.0],
                [0.511114, -0.596162, -0.619153, -0.125006, -0.541935, -0.782646, 0.306215, -0.002831, -0.667132, 0.179038, -0.723105, -1.2e-05, 0.0, 0.0, 0.0, 1.0],
                [0.814502, -0.55403, 0.172163, -0.125007, -0.42746, -0.372456, 0.823743, -0.002831, -0.392253, -0.744531, -0.540191, -1.2e-05, 0.0, 0.0, 0.0, 1.0],
                [0.618688, -0.773715, -0.136349, -0.125006, -0.085032, -0.238486, 0.967416, -0.002831, -0.78102, -0.586931, -0.21334, -1.2e-05, 0.0, 0.0, 0.0, 1.0],
                [0.617925, -0.777552, -0.116545, -0.125006, -0.086044, -0.214224, 0.972987, -0.002831, -0.781514, -0.591202, -0.199279, -1.2e-05, 0.0, 0.0, 0.0, 1.0],
                [0.616055, -0.784576, -0.070131, -0.125006, -0.088514, -0.157427, 0.983555, -0.002831, -0.782713, -0.599713, -0.166431, -1.2e-05, 0.0, 0.0, 0.0, 1.0],
                [0.615022, -0.787192, -0.045579, -0.125006, -0.089875, -0.127417, 0.987768, -0.002831, -0.78337, -0.6034, -0.149115, -1.2e-05, 0.0, 0.0, 0.0, 1.0],
                [0.615022, -0.787192, -0.045579, -0.125006, -0.089875, -0.127417, 0.987768, -0.002831, -0.78337, -0.6034, -0.149115, -1.2e-05, 0.0, 0.0, 0.0, 1.0],
                [0.681555, -0.731718, 0.008602, -0.125006, -0.279356, -0.249311, 0.927255, -0.002831, -0.676343, -0.634374, -0.374329, -1.2e-05, 0.0, 0.0, 0.0, 1.0],
                [0.439466, -0.858651, -0.263792, -0.125006, -0.244455, -0.396915, 0.884703, -0.002831, -0.864354, -0.324307, -0.384334, -1.2e-05, 0.0, 0.0, 0.0, 1.0],
                [0.447395, -0.823184, -0.349578, -0.125006, -0.373076, -0.527034, 0.763576, -0.002831, -0.812804, -0.211195, -0.542904, -1.2e-05, 0.0, 0.0, 0.0, 1.0],
                [0.608177, -0.747112, -0.26823, -0.125006, -0.523305, -0.631434, 0.572224, -0.002831, -0.596884, -0.207645, -0.77499, -1.2e-05, 0.0, 0.0, 0.0, 1.0],
                [0.583096, -0.744355, -0.325481, -0.125006, -0.521519, -0.650153, 0.552555, -0.002831, -0.622907, -0.152445, -0.767295, -1.2e-05, 0.0, 0.0, 0.0, 1.0],
                [0.560669, -0.726756, -0.396836, -0.125006, -0.510619, -0.680728, 0.525238, -0.002831, -0.651855, -0.09185, -0.752758, -1.2e-05, 0.0, 0.0, 0.0, 1.0],
                [0.540145, -0.668214, -0.5116, -0.125006, -0.471857, -0.743833, 0.47335, -0.002831, -0.696842, -0.014273, -0.717079, -1.2e-05, 0.0, 0.0, 0.0, 1.0],
                [0.534305, -0.601254, -0.594151, -0.125006, -0.428868, -0.798529, 0.422399, -0.002831, -0.728415, 0.029126, -0.684515, -1.2e-05, 0.0, 0.0, 0.0, 1.0],
                [0.53848, -0.534024, -0.651813, -0.125006, -0.387291, -0.843842, 0.371396, -0.002831, -0.748361, 0.052455, -0.661213, -1.2e-05, 0.0, 0.0, 0.0, 1.0],
                [0.53861, -0.532956, -0.652579, -0.125006, -0.386649, -0.844499, 0.370568, -0.002831, -0.748599, 0.05273, -0.660921, -1.2e-05, 0.0, 0.0, 0.0, 1.0],
                [0.469057, -0.421456, -0.776119, -0.125006, -0.129905, -0.902157, 0.411383, -0.002831, -0.87356, -0.092136, -0.477911, -1.2e-05, 0.0, 0.0, 0.0, 1.0],
                [0.784777, -0.285205, -0.550258, -0.125006, -0.082047, -0.927826, 0.363878, -0.002831, -0.614323, -0.24041, -0.751535, -1.2e-05, 0.0, 0.0, 0.0, 1.0]
            ]
        },
        {
            "name": "Leg_L",
            "time": [0.0, 0.1167, 0.2333, 0.45, 0.5667, 0.6, 0.6333, 0.6667, 0.6833, 0.7167, 0.75, 0.7833, 1.05, 1.2333, 1.2667, 1.3, 1.3167, 1.3833, 1.4167, 1.45, 1.5, 1.5667, 1.65, 1.7667, 2.2, 2.7667, 3.2167, 3.5167, 3.7, 3.85, 3.9, 4.0, 4.1833, 4.3333, 4.5, 4.5167, 4.8333, 5.0167],
            "transform": [
                [1.0, -1e-06, 1e-06, 0.0, -0.0, 0.441403, 0.89731, 0.37472, -1e-06, -0.897309, 0.441403, -0.0, 0.0, 0.0, 0.0, 1.0],
                [1.0, -1e-06, 0.0, -0.0, -0.0, 0.337176, 0.941442, 0.37472, -1e-06, -0.941441, 0.337176, -0.0, 0.0, 0.0, 0.0, 1.0],
                [1.0, -1e-06, 0.0, 0.0, -0.0, 0.240311, 0.970697, 0.37472, -1e-06, -0.970696, 0.240311, -0.0, 0.0, 0.0, 0.0, 1.0],
                [1.0, -1e-06, 0.0, -0.0, -0.0, 0.289499, 0.957179, 0.37472, -1e-06, -0.957179, 0.2895, 0.0, 0.0, 0.0, 0.0, 1.0],
                [1.0, -1e-06, 0.0, 0.0, -0.0, -0.272892, 0.962045, 0.37472, -1e-06, -0.962044, -0.272893, -0.0, 0.0, 0.0, 0.0, 1.0],
                [1.0, -1e-06, 0.0, 0.0, -0.0, 0.228455, 0.973556, 0.37472, -1e-06, -0.973553, 0.228455, -0.0, 0.0, 0.0, 0.0, 1.0],
                [1.0, -1e-06, 0.0, -0.0, -0.0, 0.20356, 0.979063, 0.37472, -1e-06, -0.979062, 0.20356, -0.0, 0.0, 0.0, 0.0, 1.0],
                [1.0, -1e-06, 0.0, 0.0, -0.0, 0.253993, 0.967206, 0.37472, -1e-06, -0.967207, 0.253994, -0.0, 0.0, 0.0, 0.0, 1.0],
                [1.0, -1e-06, 0.0, 0.0, -0.0, 0.294047, 0.955791, 0.37472, -1e-06, -0.955792, 0.294048, 0.0, 0.0, 0.0, 0.0, 1.0],
                [1.0, -0.0, 1e-06, -0.0, -0.0, 0.58234, 0.812944, 0.37472, -1e-06, -0.812947, 0.582342, -0.0, 0.0, 0.0, 0.0, 1.0],
                [1.0, -0.0, 1e-06, 0.0, -0.0, 0.59503, 0.803701, 0.37472, -1e-06, -0.803706, 0.595032, 0.0, 0.0, 0.0, 0.0, 1.0],
                [1.0, -0.0, 1e-06, -0.0, -0.0, 0.599227, 0.800577, 0.37472, -1e-06, -0.800581, 0.599229, -0.0, 0.0, 0.0, 0.0, 1.0],
                [1.0, -0.0, 1e-06, -0.0, -0.0, 0.596303, 0.802758, 0.37472, -1e-06, -0.802762, 0.596305, 0.0, 0.0, 0.0, 0.0, 1.0],
                [1.0, -1e-06, 1e-06, 0.0, -0.0, 0.400125, 0.916459, 0.37472, -1e-06, -0.916463, 0.400127, -0.0, 0.0, 0.0, 0.0, 1.0],
                [1.0, -1e-06, 1e-06, 0.0, -0.0, 0.396873, 0.917872, 0.37472, -1e-06, -0.917876, 0.396875, -0.0, 0.0, 0.0, 0.0, 1.0],
                [1.0, -1e-06, 1e-06, -0.0, -0.0, 0.395127, 0.918625, 0.37472, -1e-06, -0.918629, 0.395129, 0.0, 0.0, 0.0, 0.0, 1.0],
                [1.0, -1e-06, 0.0, -0.0, -0.0, 0.266804, 0.963751, 0.37472, -1e-06, -0.963752, 0.266804, -0.0, 0.0, 0.0, 0.0, 1.0],
                [1.0, -0.0, 1e-06, -0.0, -0.0, 0.543727, 0.839261, 0.37472, -1e-06, -0.839264, 0.543729, -0.0, 0.0, 0.0, 0.0, 1.0],
                [1.0, -0.0, 1e-06, -0.0, -0.0, 0.729308, 0.684184, 0.37472, -1e-06, -0.684186, 0.729311, -0.0, 0.0, 0.0, 0.0, 1.0],
                [1.0, -0.0, 1e-06, 0.0, -0.0, 0.59971, 0.800217, 0.37472, -1e-06, -0.800219, 0.599713, 0.0, 0.0, 0.0, 0.0, 1.0],
                [1.0, -1e-06, 0.0, 0.0, -0.0, 0.246212, 0.969216, 0.37472, -1e-06, -0.969216, 0.246212, 0.0, 0.0, 0.0, 0.0, 1.0],
                [1.0, -1e-06, 0.0, 0.0, -0.0, 0.297711, 0.954656, 0.37472, -1e-06, -0.954657, 0.297713, -0.0, 0.0, 0.0, 0.0, 1.0],
                [1.0, -1e-06, 0.0, -0.0, -0.0, 0.268205, 0.963363, 0.37472, -1e-06, -0.963363, 0.268206, 0.0, 0.0, 0.0, 0.0, 1.0],
                [1.0, -1e-06, 0.0, -0.0, -0.0, 0.201085, 0.979574, 0.37472, -1e-06, -0.979575, 0.201086, -0.0, 0.0, 0.0, 0.0, 1.0],
                [1.0, -1e-06, 0.0, -0.0, -0.0, 0.166736, 0.986002, 0.37472, -1e-06, -0.986002, 0.166737, 0.0, 0.0, 0.0, 0.0, 1.0],
                [1.0, -1e-06, 0.0, -0.0, -0.0, 0.166736, 0.986002, 0.37472, -1e-06, -0.986002, 0.166737, 0.0, 0.0, 0.0, 0.0, 1.0],
                [1.0, -1e-06, 0.0, 0.0, -0.0, 0.251864, 0.967763, 0.37472, -1e-06, -0.967763, 0.251865, -0.0, 0.0, 0.0, 0.0, 1.0],
                [1.0, -1e-06, 1e-06, -0.0, -0.0, 0.419863, 0.907588, 0.37472, -1e-06, -0.907589, 0.419865, -0.0, 0.0, 0.0, 0.0, 1.0],
                [1.0, -0.0, 1e-06, 0.0, -0.0, 0.623714, 0.781652, 0.37472, -1e-06, -0.781654, 0.623716, 0.0, 0.0, 0.0, 0.0, 1.0],
                [1.0, -0.0, 1e-06, 0.0, -0.0, 0.733495, 0.679693, 0.37472, -1e-06, -0.679696, 0.733496, 0.0, 0.0, 0.0, 0.0, 1.0],
                [1.0, -0.0, 1e-06, 0.0, -0.0, 0.761954, 0.647629, 0.37472, -1e-06, -0.647632, 0.761955, -0.0, 0.0, 0.0, 0.0, 1.0],
                [1.0, -0.0, 1e-06, -0.0, -0.0, 0.797136, 0.603798, 0.37472, -1e-06, -0.6038, 0.797138, -0.0, 0.0, 0.0, 0.0, 1.0],
                [1.0, -0.0, 1e-06, 0.0, -0.0, 0.849239, 0.528006, 0.37472, -1e-06, -0.528008, 0.84924, -0.0, 0.0, 0.0, 0.0, 1.0],
                [1.0, -0.0, 1e-06, 0.0, -0.0, 0.89056, 0.454863, 0.37472, -1e-06, -0.454864, 0.890561, -0.0, 0.0, 0.0, 0.0, 1.0],
                [1.0, -0.0, 1e-06, -0.0, -0.0, 0.925747, 0.37814, 0.37472, -1e-06, -0.378142, 0.925748, -0.0, 0.0, 0.0, 0.0, 1.0],
                [1.0, -0.0, 1e-06, 0.0, -0.0, 0.926273, 0.376851, 0.37472, -1e-06, -0.376852, 0.926274, -0.0, 0.0, 0.0, 0.0, 1.0],
                [1.0, -0.0, 1e-06, 0.0, -0.0, 0.871735, 0.489974, 0.37472, -1e-06, -0.489976, 0.871736, -0.0, 0.0, 0.0, 0.0, 1.0],
                [1.0, -0.0, 1e-06, -0.0, -0.0, 0.893859, 0.448346, 0.37472, -1e-06, -0.448347, 0.893861, 0.0, 0.0, 0.0, 0.0, 1.0]
            ]
        },
        {
            "name": "Knee_L",
            "time": [0.0, 0.1167, 0.2333, 0.45, 0.5667, 0.6, 0.6333, 0.6667, 0.6833, 0.7167, 0.75, 0.7833, 1.05, 1.2333, 1.2667, 1.3, 1.3167, 1.3833, 1.4167, 1.45, 1.5, 1.5667, 1.65, 1.7667, 2.2, 2.7667, 3.2167, 3.5167, 3.7, 3.85, 3.9, 4.0, 4.1833, 4.3333, 4.5, 4.5167, 4.8333, 5.0167],
            "transform": [
                [1.0, 0.0, -0.0, -0.0, -0.0, 1e-06, -1.0, 0.436699, -0.0, 1.0, 1e-06, -0.0, 0.0, 0.0, 0.0, 1.0],
                [1.0, 0.0, -0.0, 0.0, -0.0, 1e-06, -1.0, 0.448594, 0.0, 1.0, 1e-06, -0.0, 0.0, 0.0, 0.0, 1.0],
                [1.0, 0.0, -0.0, 0.0, -0.0, 1e-06, -1.0, 0.459228, -0.0, 1.0, 1e-06, 0.0, 0.0, 0.0, 0.0, 1.0],
                [1.0, 0.0, -0.0, 0.0, -0.0, 1e-06, -1.0, 0.453869, -0.0, 1.0, 1e-06, -0.0, 0.0, 0.0, 0.0, 1.0],
                [1.0, 0.0, -0.0, 0.0, -0.0, 1e-06, -1.0, 0.48472, -0.0, 1.0, 1e-06, -0.0, 0.0, 0.0, 0.0, 1.0],
                [1.0, 0.0, -0.0, -0.0, -0.0, 1e-06, -1.0, 0.460509, -0.0, 1.0, 1e-06, -0.0, 0.0, 0.0, 0.0, 1.0],
                [1.0, 0.0, -0.0, 0.0, -0.0, 1e-06, -1.0, 0.463187, -0.0, 1.0, 1e-06, -0.0, 0.0, 0.0, 0.0, 1.0],
                [1.0, 0.0, -0.0, 0.0, -0.0, 1e-06, -1.0, 0.457745, -0.0, 1.0, 1e-06, 0.0, 0.0, 0.0, 0.0, 1.0],
                [1.0, 0.0, -0.0, 0.0, -0.0, 1e-06, -1.0, 0.453369, -0.0, 1.0, 1e-06, 0.0, 0.0, 0.0, 0.0, 1.0],
                [1.0, 0.0, -0.0, 0.0, -0.0, 1e-06, -1.0, 0.419425, -0.0, 1.0, 1e-06, -0.0, 0.0, 0.0, 0.0, 1.0],
                [1.0, 0.0, -0.0, 0.0, -0.0, 1e-06, -1.0, 0.417776, -0.0, 1.0, 1e-06, -0.0, 0.0, 0.0, 0.0, 1.0],
                [1.0, 0.0, -0.0, -0.0, -0.0, 1e-06, -1.0, 0.417227, -0.0, 1.0, 1e-06, 0.0, 0.0, 0.0, 0.0, 1.0],
                [1.0, 0.0, -0.0, 0.0, -0.0, 1e-06, -1.0, 0.41761, -0.0, 1.0, 1e-06, 0.0, 0.0, 0.0, 0.0, 1.0],
                [1.0, 0.0, -0.0, -0.0, -0.0, 1e-06, -1.0, 0.441479, -0.0, 1.0, 1e-06, -0.0, 0.0, 0.0, 0.0, 1.0],
                [1.0, 0.0, -0.0, 0.0, -0.0, 1e-06, -1.0, 0.441851, -0.0, 1.0, 1e-06, -0.0, 0.0, 0.0, 0.0, 1.0],
                [1.0, 0.0, -0.0, -0.0, -0.0, 1e-06, -1.0, 0.442051, -0.0, 1.0, 1e-06, 0.0, 0.0, 0.0, 0.0, 1.0],
                [1.0, 0.0, -0.0, 0.0, -0.0, 1e-06, -1.0, 0.456351, -0.0, 1.0, 1e-06, -0.0, 0.0, 0.0, 0.0, 1.0],
                [1.0, 0.0, -0.0, 0.0, -0.0, 1e-06, -1.0, 0.424334, -0.0, 1.0, 1e-06, -0.0, 0.0, 0.0, 0.0, 1.0],
                [1.0, 0.0, -0.0, -0.0, -0.0, 1e-06, -1.0, 0.398868, -0.0, 1.0, 1e-06, -0.0, 0.0, 0.0, 0.0, 1.0],
                [1.0, 0.0, -0.0, 0.0, -0.0, 1e-06, -1.0, 0.417163, 0.0, 1.0, 1e-06, 0.0, 0.0, 0.0, 0.0, 1.0],
                [1.0, 0.0, -0.0, 0.0, -0.0, 1e-06, -1.0, 0.458589, -0.0, 1.0, 1e-06, 0.0, 0.0, 0.0, 0.0, 1.0],
                [1.0, 0.0, -0.0, 0.0, -0.0, 1e-06, -1.0, 0.452966, -0.0, 1.0, 1e-06, -0.0, 0.0, 0.0, 0.0, 1.0],
                [1.0, 0.0, -0.0, 0.0, -0.0, 1e-06, -1.0, 0.456198, -0.0, 1.0, 1e-06, -0.0, 0.0, 0.0, 0.0, 1.0],
                [1.0, 0.0, -0.0, 0.0, -0.0, 1e-06, -1.0, 0.463453, -0.0, 1.0, 1e-06, -0.0, 0.0, 0.0, 0.0, 1.0],
                [1.0, 0.0, -0.0, 0.0, -0.0, 1e-06, -1.0, 0.467124, -0.0, 1.0, 1e-06, -0.0, 0.0, 0.0, 0.0, 1.0],
                [1.0, 0.0, -0.0, 0.0, -0.0, 1e-06, -1.0, 0.467124, -0.0, 1.0, 1e-06, -0.0, 0.0, 0.0, 0.0, 1.0],
                [1.0, 0.0, -0.0, 0.0, -0.0, 1e-06, -1.0, 0.457975, -0.0, 1.0, 1e-06, -0.0, 0.0, 0.0, 0.0, 1.0],
                [1.0, 0.0, -0.0, -0.0, -0.0, 1e-06, -1.0, 0.439206, -0.0, 1.0, 1e-06, -0.0, 0.0, 0.0, 0.0, 1.0],
                [1.0, 0.0, -0.0, 0.0, -0.0, 1e-06, -1.0, 0.413976, -0.0, 1.0, 1e-06, -0.0, 0.0, 0.0, 0.0, 1.0],
                [1.0, 0.0, -0.0, -0.0, -0.0, 1e-06, -1.0, 0.398223, -0.0, 1.0, 1e-06, 0.0, 0.0, 0.0, 0.0, 1.0],
                [1.0, 0.0, -0.0, -0.0, -0.0, 1e-06, -1.0, 0.393719, -0.0, 1.0, 0.0, -0.0, 0.0, 0.0, 0.0, 1.0],
                [1.0, -0.0, -0.0, -0.0, -0.0, 1e-06, -1.0, 0.387815, 0.0, 1.0, 1e-06, -0.0, 0.0, 0.0, 0.0, 1.0],
                [1.0, 0.0, -0.0, 0.0, -0.0, 1e-06, -1.0, 0.37815, -0.0, 1.0, 1e-06, -0.0, 0.0, 0.0, 0.0, 1.0],
                [1.0, 0.0, -0.0, -0.0, -0.0, 1e-06, -1.0, 0.37472, -0.0, 1.0, 1e-06, -0.0, 0.0, 0.0, 0.0, 1.0],
                [1.0, 0.0, -0.0, -0.0, -0.0, 1e-06, -1.0, 0.37472, -0.0, 1.0, 1e-06, -0.0, 0.0, 0.0, 0.0, 1.0],
                [1.0, 0.0, -0.0, 0.0, -0.0, 1e-06, -1.0, 0.37472, -0.0, 1.0, 1e-06, -0.0, 0.0, 0.0, 0.0, 1.0],
                [1.0, 0.0, -0.0, 0.0, -0.0, 1e-06, -1.0, 0.37472, -0.0, 1.0, 1e-06, -0.0, 0.0, 0.0, 0.0, 1.0],
                [1.0, 0.0, -0.0, 0.0, -0.0, 1e-06, -1.0, 0.37472, -0.0, 1.0, 1e-06, 0.0, 0.0, 0.0, 0.0, 1.0]
            ]
        },
        {
            "name": "Torso",
            "time": [0.0, 0.1167, 0.2333, 0.45, 0.5667, 0.6, 0.6333, 0.6667, 0.6833, 0.7167, 0.75, 0.7833, 1.05, 1.2333, 1.2667, 1.3, 1.3167, 1.3833, 1.4167, 1.45, 1.5, 1.5667, 1.65, 1.7667, 2.2, 2.7667, 3.2167, 3.5167, 3.7, 3.85, 3.9, 4.0, 4.1833, 4.3333, 4.5, 4.5167, 4.8333, 5.0167],
