{
    "animation": [
        {
            "name": "Root",
            "time": [0.0, 0.02, 0.04, 0.06, 0.08, 0.1, 0.12, 0.14, 0.16, 0.18, 0.2, 0.22, 0.24, 0.26, 0.28, 0.3, 0.32, 0.34, 0.36, 0.38, 0.4, 0.42, 0.44, 0.46, 0.48, 0.5, 0.52, 0.54, 0.56, 0.58, 0.6, 0.62, 0.64, 0.66, 0.68, 0.7, 0.72, 0.74, 0.76, 0.78, 0.8, 0.82, 0.84, 0.86, 0.88, 0.9, 0.92, 0.94, 0.96, 0.98, 1.0, 1.02, 1.04, 1.06, 1.08, 1.1, 1.12, 1.14, 1.16, 1.18, 1.2],
            "transform": [
                [0.944852, 0.0, 0.327497, 0.031677, 0.327497, 0.0, -0.944852, 0.015405, 0.0, 1.0, 0.0, 0.735356, 0.0, 0.0, 0.0, 1.0],
                [0.944824, 0.000437, 0.327579, 0.031677, 0.327578, 0.00069, -0.944824, 0.016464, -0.000639, 1.0, 0.000509, 0.731679, 0.0, 0.0, 0.0, 1.0],
                [0.944625, 0.00151, 0.328149, 0.031677, 0.328144, 0.002971, -0.944623, 0.019727, -0.002401, 0.999994, 0.002311, 0.721984, 0.0, 0.0, 0.0, 1.0],
                [0.944082, 0.002859, 0.329698, 0.031677, 0.329672, 0.007156, -0.944069, 0.025326, -0.005058, 0.99997, 0.005813, 0.708278, 0.0, 0.0, 0.0, 1.0],
                [0.943019, 0.004115, 0.332714, 0.031677, 0.332634, 0.013564, -0.942958, 0.033391, -0.008393, 0.9999, 0.011422, 0.692567, 0.0, 0.0, 0.0, 1.0],
                [0.941248, 0.00489, 0.33768, 0.031677, 0.337495, 0.022508, -0.941058, 0.044053, -0.012203, 0.999735, 0.019535, 0.676855, 0.0, 0.0, 0.0, 1.0],
                [0.938568, 0.004771, 0.345061, 0.031677, 0.344709, 0.034298, -0.938083, 0.057442, -0.016311, 0.9994, 0.030546, 0.663149, 0.0, 0.0, 0.0, 1.0],
                [0.934748, 0.003307, 0.355296, 0.031677, 0.354715, 0.049226, -0.933678, 0.073689, -0.020578, 0.998782, 0.044841, 0.653454, 0.0, 0.0, 0.0, 1.0],
                [0.929518, -0.0, 0.368778, 0.031677, 0.367935, 0.067557, -0.927394, 0.092925, -0.024913, 0.997715, 0.062795, 0.649777, 0.0, 0.0, 0.0, 1.0],
                [0.918951, -0.007035, 0.394309, 0.031677, 0.393324, 0.0892, -0.915063, 0.11514, -0.028735, 0.995989, 0.084737, 0.685205, 0.0, 0.0, 0.0, 1.0],
                [0.899079, -0.019309, 0.437361, 0.031677, 0.436599, 0.113096, -0.892519, 0.139761, -0.03223, 0.993396, 0.110113, 0.783318, 0.0, 0.0, 0.0, 1.0],
                [0.869253, -0.036689, 0.493005, 0.031677, 0.493023, 0.137841, -0.859027, 0.166077, -0.036439, 0.989775, 0.137907, 0.931859, 0.0, 0.0, 0.0, 1.0],
                [0.829109, -0.05873, 0.555994, 0.031677, 0.557494, 0.161887, -0.814244, 0.193375, -0.042188, 0.98506, 0.166963, 1.118572, 0.0, 0.0, 0.0, 1.0],
                [0.779239, -0.08453, 0.621001, 0.031677, 0.624734, 0.183737, -0.758913, 0.220942, -0.04995, 0.979334, 0.195984, 1.331199, 0.0, 0.0, 0.0, 1.0],
                [0.721596, -0.112707, 0.683078, 0.031677, 0.689732, 0.202169, -0.695267, 0.248066, -0.059736, 0.972844, 0.223623, 1.557485, 0.0, 0.0, 0.0, 1.0],
                [0.659549, -0.14149, 0.738225, 0.031677, 0.748294, 0.216456, -0.627058, 0.274035, -0.07107, 0.965985, 0.24864, 1.785172, 0.0, 0.0, 0.0, 1.0],
                [0.597585, -0.168916, 0.783811, 0.031677, 0.797493, 0.226473, -0.55921, 0.298136, -0.083053, 0.959259, 0.270047, 2.002003, 0.0, 0.0, 0.0, 1.0],
                [0.540805, -0.193044, 0.818697, 0.031677, 0.835823, 0.232677, -0.497254, 0.319656, -0.0945, 0.953203, 0.287184, 2.195723, 0.0, 0.0, 0.0, 1.0],
                [0.494399, -0.21211, 0.842959, 0.031677, 0.862976, 0.235938, -0.446772, 0.337884, -0.104121, 0.948337, 0.299693, 2.354073, 0.0, 0.0, 0.0, 1.0],
                [0.463293, -0.224568, 0.85728, 0.031677, 0.879268, 0.237282, -0.413019, 0.352105, -0.110666, 0.945128, 0.307387, 2.464798, 0.0, 0.0, 0.0, 1.0],
                [0.451995, -0.229024, 0.862119, 0.031677, 0.884828, 0.237599, -0.400783, 0.36161, -0.11305, 0.943978, 0.31004, 2.515641, 0.0, 0.0, 0.0, 1.0],
                [0.451996, -0.229024, 0.862118, 0.031677, 0.884828, 0.237599, -0.400783, 0.368221, -0.11305, 0.943978, 0.31004, 2.531737, 0.0, 0.0, 0.0, 1.0],
                [0.451996, -0.229023, 0.862118, 0.031677, 0.884827, 0.237599, -0.400783, 0.374259, -0.113049, 0.943978, 0.31004, 2.546434, 0.0, 0.0, 0.0, 1.0],
                [0.451996, -0.229023, 0.862118, 0.031677, 0.884828, 0.237599, -0.400783, 0.379747, -0.11305, 0.943978, 0.31004, 2.559796, 0.0, 0.0, 0.0, 1.0],
                [0.451996, -0.229023, 0.862118, 0.031677, 0.884828, 0.237599, -0.400783, 0.384714, -0.11305, 0.943978, 0.31004, 2.571887, 0.0, 0.0, 0.0, 1.0],
                [0.451996, -0.229023, 0.862118, 0.031677, 0.884828, 0.237599, -0.400783, 0.389184, -0.11305, 0.943978, 0.31004, 2.582769, 0.0, 0.0, 0.0, 1.0],
                [0.451996, -0.229023, 0.862118, 0.031677, 0.884828, 0.237599, -0.400783, 0.393184, -0.11305, 0.943978, 0.31004, 2.592507, 0.0, 0.0, 0.0, 1.0],
                [0.451996, -0.229023, 0.862118, 0.031677, 0.884828, 0.237599, -0.400783, 0.39674, -0.11305, 0.943978, 0.31004, 2.601164, 0.0, 0.0, 0.0, 1.0],
                [0.451996, -0.229023, 0.862118, 0.031677, 0.884828, 0.237599, -0.400783, 0.399879, -0.11305, 0.943978, 0.31004, 2.608804, 0.0, 0.0, 0.0, 1.0],
                [0.451996, -0.229023, 0.862118, 0.031677, 0.884828, 0.237599, -0.400783, 0.402625, -0.11305, 0.943978, 0.31004, 2.61549, 0.0, 0.0, 0.0, 1.0],
                [0.451996, -0.229023, 0.862118, 0.031677, 0.884828, 0.237599, -0.400783, 0.405006, -0.11305, 0.943978, 0.31004, 2.621286, 0.0, 0.0, 0.0, 1.0],
                [0.451996, -0.229023, 0.862118, 0.031677, 0.884828, 0.237599, -0.400783, 0.407048, -0.11305, 0.943978, 0.31004, 2.626256, 0.0, 0.0, 0.0, 1.0],
                [0.451996, -0.229023, 0.862118, 0.031677, 0.884828, 0.237599, -0.400783, 0.408776, -0.11305, 0.943978, 0.31004, 2.630463, 0.0, 0.0, 0.0, 1.0],
                [0.451996, -0.229023, 0.862118, 0.031677, 0.884828, 0.237599, -0.400783, 0.410216, -0.11305, 0.943978, 0.31004, 2.63397, 0.0, 0.0, 0.0, 1.0],
                [0.451996, -0.229023, 0.862118, 0.031677, 0.884828, 0.237599, -0.400783, 0.411396, -0.11305, 0.943978, 0.31004, 2.636842, 0.0, 0.0, 0.0, 1.0],
                [0.451996, -0.229023, 0.862118, 0.031677, 0.884828, 0.237599, -0.400783, 0.412341, -0.11305, 0.943978, 0.31004, 2.639141, 0.0, 0.0, 0.0, 1.0],
                [0.451996, -0.229023, 0.862118, 0.031677, 0.884828, 0.237599, -0.400783, 0.413076, -0.11305, 0.943978, 0.31004, 2.640932, 0.0, 0.0, 0.0, 1.0],
                [0.451996, -0.229023, 0.862118, 0.031677, 0.884828, 0.237599, -0.400783, 0.413629, -0.11305, 0.943978, 0.31004, 2.642278, 0.0, 0.0, 0.0, 1.0],
                [0.451996, -0.229023, 0.862118, 0.031677, 0.884828, 0.237599, -0.400783, 0.414025, -0.11305, 0.943978, 0.31004, 2.643242, 0.0, 0.0, 0.0, 1.0],
                [0.451996, -0.229023, 0.862118, 0.031677, 0.884828, 0.237599, -0.400783, 0.414291, -0.11305, 0.943978, 0.31004, 2.643888, 0.0, 0.0, 0.0, 1.0],
                [0.451996, -0.229023, 0.862118, 0.031677, 0.884828, 0.237599, -0.400783, 0.414452, -0.11305, 0.943978, 0.31004, 2.64428, 0.0, 0.0, 0.0, 1.0],
                [0.451996, -0.229023, 0.862118, 0.031677, 0.884828, 0.237599, -0.400783, 0.414534, -0.11305, 0.943978, 0.31004, 2.644482, 0.0, 0.0, 0.0, 1.0],
                [0.451996, -0.229023, 0.862118, 0.031677, 0.884828, 0.237599, -0.400783, 0.414565, -0.11305, 0.943978, 0.31004, 2.644556, 0.0, 0.0, 0.0, 1.0],
                [0.451996, -0.229023, 0.862118, 0.031677, 0.884828, 0.237599, -0.400783, 0.414569, -0.11305, 0.943978, 0.31004, 2.644567, 0.0, 0.0, 0.0, 1.0],
                [0.451996, -0.229023, 0.862118, 0.031677, 0.884828, 0.237599, -0.400783, 0.414569, -0.11305, 0.943978, 0.31004, 2.644567, 0.0, 0.0, 0.0, 1.0],
                [0.451996, -0.229023, 0.862118, 0.031677, 0.884828, 0.237599, -0.400783, 0.414569, -0.11305, 0.943978, 0.31004, 2.644567, 0.0, 0.0, 0.0, 1.0],
                [0.451996, -0.229023, 0.862118, 0.031677, 0.884828, 0.237599, -0.400783, 0.414569, -0.11305, 0.943978, 0.31004, 2.644567, 0.0, 0.0, 0.0, 1.0],
                [0.451996, -0.229023, 0.862118, 0.031677, 0.884828, 0.237599, -0.400783, 0.414569, -0.11305, 0.943978, 0.31004, 2.644567, 0.0, 0.0, 0.0, 1.0],
                [0.451996, -0.229023, 0.862118, 0.031677, 0.884828, 0.237599, -0.400783, 0.414569, -0.11305, 0.943978, 0.31004, 2.644567, 0.0, 0.0, 0.0, 1.0],
                [0.451996, -0.229023, 0.862118, 0.031677, 0.884828, 0.237599, -0.400783, 0.414569, -0.11305, 0.943978, 0.31004, 2.644567, 0.0, 0.0, 0.0, 1.0],
                [0.451996, -0.229023, 0.862118, 0.031677, 0.884828, 0.237599, -0.400783, 0.414569, -0.11305, 0.943978, 0.31004, 2.644567, 0.0, 0.0, 0.0, 1.0],
                [0.451996, -0.229023, 0.862118, 0.031677, 0.884828, 0.237599, -0.400783, 0.414569, -0.11305, 0.943978, 0.31004, 2.644567, 0.0, 0.0, 0.0, 1.0],
                [0.451996, -0.229023, 0.862118, 0.031677, 0.884828, 0.237599, -0.400783, 0.414569, -0.11305, 0.943978, 0.31004, 2.644567, 0.0, 0.0, 0.0, 1.0],
                [0.451996, -0.229023, 0.862118, 0.031677, 0.884828, 0.237599, -0.400783, 0.414569, -0.11305, 0.943978, 0.31004, 2.644567, 0.0, 0.0, 0.0, 1.0],
                [0.451996, -0.229023, 0.862118, 0.031677, 0.884828, 0.237599, -0.400783, 0.414569, -0.11305, 0.943978, 0.31004, 2.644567, 0.0, 0.0, 0.0, 1.0],
                [0.451996, -0.229023, 0.862118, 0.031677, 0.884828, 0.237599, -0.400783, 0.414569, -0.11305, 0.943978, 0.31004, 2.644567, 0.0, 0.0, 0.0, 1.0],
                [0.451996, -0.229023, 0.862118, 0.031677, 0.884828, 0.237599, -0.400783, 0.414569, -0.11305, 0.943978, 0.31004, 2.644567, 0.0, 0.0, 0.0, 1.0],
                [0.451996, -0.229023, 0.862118, 0.031677, 0.884828, 0.237599, -0.400783, 0.414569, -0.11305, 0.943978, 0.31004, 2.644567, 0.0, 0.0, 0.0, 1.0],
                [0.451996, -0.229023, 0.862118, 0.031677, 0.884828, 0.237599, -0.400783, 0.414569, -0.11305, 0.943978, 0.31004, 2.644567, 0.0, 0.0, 0.0, 1.0],
                [0.451996, -0.229023, 0.862118, 0.031677, 0.884828, 0.237599, -0.400783, 0.414569, -0.11305, 0.943978, 0.31004, 2.644567, 0.0, 0.0, 0.0, 1.0],
                [0.451996, -0.229023, 0.862118, 0.031677, 0.884828, 0.237599, -0.400783, 0.414569, -0.11305, 0.943978, 0.31004, 2.644567, 0.0, 0.0, 0.0, 1.0]
            ]
        },
        {
            "name": "Thigh_R",
            "time": [0.0, 0.02, 0.04, 0.06, 0.08, 0.1, 0.12, 0.14, 0.16, 0.18, 0.2, 0.22, 0.24, 0.26, 0.28, 0.3, 0.32, 0.34, 0.36, 0.38, 0.4, 0.42, 0.44, 0.46, 0.48, 0.5, 0.52, 0.54, 0.56, 0.58, 0.6, 0.62, 0.64, 0.66, 0.68, 0.7, 0.72, 0.74, 0.76, 0.78, 0.8, 0.82, 0.84, 0.86, 0.88, 0.9, 0.92, 0.94, 0.96, 0.98, 1.0, 1.02, 1.04, 1.06, 1.08, 1.1, 1.12, 1.14, 1.16, 1.18, 1.2],
            "transform": [
                [0.957709, 0.189705, 0.216343, 0.124994, 0.113996, -0.940509, 0.320071, -0.002831, 0.264192, -0.281872, -0.922362, -1.2e-05, 0.0, 0.0, 0.0, 1.0],
                [0.957466, 0.197658, 0.210211, 0.124994, 0.114904, -0.929451, 0.350591, -0.002831, 0.264678, -0.311525, -0.912632, -1.2e-05, 0.0, 0.0, 0.0, 1.0],
                [0.95671, 0.213944, 0.197314, 0.124994, 0.117247, -0.903828, 0.411515, -0.002831, 0.26638, -0.370565, -0.889788, -1.2e-05, 0.0, 0.0, 0.0, 1.0],
                [0.955386, 0.231794, 0.18305, 0.124994, 0.120466, -0.871673, 0.475048, -0.002831, 0.269674, -0.431802, -0.860711, -1.2e-05, 0.0, 0.0, 0.0, 1.0],
                [0.953436, 0.249022, 0.170142, 0.124994, 0.123977, -0.837877, 0.531591, -0.002831, 0.274936, -0.485744, -0.829737, -1.2e-05, 0.0, 0.0, 0.0, 1.0],
                [0.950798, 0.264927, 0.160609, 0.124994, 0.127149, -0.806427, 0.5775, -0.002831, 0.282515, -0.528665, -0.800437, -1.2e-05, 0.0, 0.0, 0.0, 1.0],
                [0.947424, 0.279133, 0.156434, 0.124994, 0.129279, -0.781126, 0.610842, -0.002831, 0.292701, -0.558502, -0.776145, -1.2e-05, 0.0, 0.0, 0.0, 1.0],
                [0.943267, 0.291085, 0.159738, 0.124994, 0.129582, -0.765661, 0.630055, -0.002831, 0.305705, -0.573609, -0.759944, -1.2e-05, 0.0, 0.0, 0.0, 1.0],
                [0.938281, 0.299625, 0.172781, 0.124994, 0.127195, -0.763456, 0.63321, -0.002831, 0.321636, -0.572151, -0.754449, -1.2e-05, 0.0, 0.0, 0.0, 1.0],
                [0.931196, 0.286605, 0.225234, 0.124994, 0.110737, -0.811117, 0.574303, -0.002831, 0.34729, -0.509846, -0.787049, -1.2e-05, 0.0, 0.0, 0.0, 1.0],
                [0.921307, 0.239955, 0.305964, 0.124994, 0.082775, -0.889868, 0.448643, -0.002831, 0.379922, -0.388011, -0.839706, -1.2e-05, 0.0, 0.0, 0.0, 1.0],
                [0.910043, 0.196435, 0.365013, 0.124994, 0.056126, -0.930865, 0.361023, -0.002831, 0.410696, -0.308059, -0.858154, -1.2e-05, 0.0, 0.0, 0.0, 1.0],
                [0.898421, 0.202315, 0.389753, 0.124994, 0.031368, -0.914846, 0.402579, -0.002831, 0.438012, -0.349459, -0.828266, -1.2e-05, 0.0, 0.0, 0.0, 1.0],
                [0.887256, 0.246657, 0.38979, 0.124994, 0.007865, -0.85299, 0.521866, -0.002831, 0.461209, -0.459963, -0.758762, -1.2e-05, 0.0, 0.0, 0.0, 1.0],
                [0.877623, 0.300757, 0.373259, 0.124994, -0.014352, -0.761839, 0.647606, -0.00283, 0.479135, -0.57371, -0.664293, -1.2e-05, 0.0, 0.0, 0.0, 1.0],
                [0.871014, 0.351705, 0.342985, 0.124994, -0.034982, -0.651997, 0.757413, -0.002831, 0.490011, -0.671714, -0.555597, -1.2e-05, 0.0, 0.0, 0.0, 1.0],
                [0.869259, 0.391696, 0.301601, 0.124994, -0.053634, -0.531762, 0.845193, -0.002831, 0.491439, -0.750866, -0.441232, -1.2e-05, 0.0, 0.0, 0.0, 1.0],
                [0.874224, 0.414428, 0.252944, 0.124994, -0.069786, -0.408306, 0.910173, -0.00283, 0.48048, -0.813346, -0.32803, -1.2e-05, 0.0, 0.0, 0.0, 1.0],
                [0.887323, 0.414537, 0.202031, 0.124994, -0.082408, -0.288512, 0.953923, -0.002832, 0.453726, -0.863085, -0.221843, -1.2e-05, 0.0, 0.0, 0.0, 1.0],
                [0.908916, 0.387373, 0.154316, 0.124994, -0.089102, -0.181101, 0.97942, -0.002831, 0.407348, -0.903959, -0.13009, -1.2e-05, 0.0, 0.0, 0.0, 1.0],
                [0.937618, 0.328532, 0.113744, 0.124994, -0.085166, -0.100152, 0.99132, -0.002831, 0.337072, -0.939166, -0.065925, -1.2e-05, 0.0, 0.0, 0.0, 1.0],
                [0.97266, 0.223119, 0.064414, 0.124994, -0.055569, -0.045704, 0.997408, -0.00283, 0.225485, -0.973717, -0.032056, -1.2e-05, 0.0, 0.0, 0.0, 1.0],
                [0.987482, 0.151406, 0.044201, 0.124994, -0.043113, -0.010465, 0.999015, -0.002831, 0.15172, -0.988414, -0.003807, -1.2e-05, 0.0, 0.0, 0.0, 1.0],
                [0.968253, 0.218282, 0.121816, 0.124994, -0.124618, -0.000941, 0.992204, -0.00283, 0.216695, -0.975883, 0.026291, -1.2e-05, 0.0, 0.0, 0.0, 1.0],
                [0.900681, 0.352508, 0.25399, 0.124994, -0.260203, -0.03052, 0.965071, -0.00283, 0.347947, -0.935309, 0.064235, -1.2e-05, 0.0, 0.0, 0.0, 1.0],
                [0.804291, 0.462176, 0.373509, 0.124994, -0.377858, -0.087345, 0.921734, -0.002831, 0.458628, -0.882474, 0.104386, -1.2e-05, 0.0, 0.0, 0.0, 1.0],
                [0.720448, 0.524279, 0.453967, 0.124994, -0.450984, -0.143106, 0.880985, -0.002831, 0.526847, -0.839434, 0.133341, -1.2e-05, 0.0, 0.0, 0.0, 1.0],
                [0.667896, 0.554084, 0.496895, 0.124994, -0.48516, -0.182154, 0.855242, -0.002831, 0.564388, -0.812285, 0.14716, -1.2e-05, 0.0, 0.0, 0.0, 1.0],
                [0.640628, 0.571339, 0.512997, 0.124994, -0.494632, -0.203945, 0.844835, -0.002831, 0.587311, -0.794968, 0.15195, -1.2e-05, 0.0, 0.0, 0.0, 1.0],
                [0.634662, 0.581422, 0.509069, 0.124994, -0.48702, -0.210537, 0.847635, -0.002831, 0.600013, -0.785887, 0.149545, -1.2e-05, 0.0, 0.0, 0.0, 1.0],
                [0.664912, 0.572866, 0.479286, 0.124994, -0.456471, -0.196246, 0.867826, -0.002831, 0.591206, -0.795807, 0.131011, -1.2e-05, 0.0, 0.0, 0.0, 1.0],
                [0.726524, 0.54051, 0.424277, 0.124994, -0.40242, -0.165798, 0.900316, -0.00283, 0.556975, -0.824837, 0.097056, -1.2e-05, 0.0, 0.0, 0.0, 1.0],
                [0.797948, 0.488865, 0.352546, 0.124994, -0.331804, -0.132016, 0.934065, -0.00283, 0.503175, -0.86231, 0.056866, -1.2e-05, 0.0, 0.0, 0.0, 1.0],
                [0.861278, 0.427227, 0.275092, 0.124994, -0.254877, -0.105119, 0.961243, -0.002831, 0.439587, -0.89801, 0.018354, -1.2e-05, 0.0, 0.0, 0.0, 1.0],
                [0.913326, 0.357041, 0.19585, 0.124994, -0.176034, -0.087529, 0.980485, -0.002831, 0.367217, -0.929977, -0.017091, -1.2e-05, 0.0, 0.0, 0.0, 1.0],
                [0.953144, 0.278829, 0.11735, 0.124994, -0.098823, -0.079646, 0.991913, -0.002831, 0.285921, -0.95703, -0.04836, -1.2e-05, 0.0, 0.0, 0.0, 1.0],
                [0.97954, 0.196448, 0.043684, 0.124994, -0.028276, -0.080568, 0.996348, -0.00283, 0.19925, -0.977196, -0.073365, -1.2e-05, 0.0, 0.0, 0.0, 1.0],
                [0.992919, 0.117178, -0.019538, 0.124994, 0.029891, -0.087258, 0.995737, -0.00283, 0.114973, -0.989268, -0.090143, -1.2e-05, 0.0, 0.0, 0.0, 1.0],
                [0.996556, 0.049911, -0.06622, 0.124994, 0.070727, -0.094744, 0.992986, -0.002831, 0.043288, -0.994248, -0.097948, -1.2e-05, 0.0, 0.0, 0.0, 1.0],
                [0.99638, 0.003766, -0.084923, 0.124994, 0.084838, -0.106973, 0.990636, -0.00283, -0.005354, -0.994253, -0.106905, -1.2e-05, 0.0, 0.0, 0.0, 1.0],
                [0.997571, -0.013425, -0.068348, 0.124994, 0.066079, -0.127914, 0.989582, -0.002831, -0.022027, -0.991693, -0.126716, -1.2e-05, 0.0, 0.0, 0.0, 1.0],
                [0.999418, -0.015909, -0.030168, 0.124994, 0.027309, -0.156594, 0.987285, -0.002831, -0.020431, -0.987533, -0.156069, -1.2e-05, 0.0, 0.0, 0.0, 1.0],
                [0.996253, 0.055659, 0.066187, 0.124994, -0.054178, -0.194841, 0.979337, -0.00283, 0.067405, -0.979252, -0.191096, -1.2e-05, 0.0, 0.0, 0.0, 1.0],
                [0.964539, 0.171681, 0.200475, 0.124994, -0.153371, -0.253589, 0.955076, -0.002831, 0.214807, -0.951953, -0.218266, -1.2e-05, 0.0, 0.0, 0.0, 1.0],
                [0.91586, 0.251223, 0.313189, 0.124994, -0.226133, -0.321794, 0.919409, -0.002831, 0.331759, -0.91287, -0.237909, -1.2e-05, 0.0, 0.0, 0.0, 1.0],
                [0.856848, 0.311507, 0.410821, 0.124994, -0.278629, -0.390658, 0.877355, -0.002831, 0.433793, -0.866225, -0.247941, -1.2e-05, 0.0, 0.0, 0.0, 1.0],
                [0.796111, 0.35561, 0.489641, 0.124994, -0.312456, -0.451373, 0.835843, -0.002831, 0.518246, -0.818413, -0.248231, -1.2e-05, 0.0, 0.0, 0.0, 1.0],
                [0.743653, 0.386562, 0.545481, 0.124994, -0.330992, -0.496019, 0.802751, -0.002831, 0.580883, -0.777516, -0.240918, -1.2e-05, 0.0, 0.0, 0.0, 1.0],
                [0.710759, 0.406963, 0.573761, 0.124994, -0.338277, -0.517406, 0.78604, -0.002831, 0.616757, -0.752774, -0.230084, -1.2e-05, 0.0, 0.0, 0.0, 1.0],
                [0.693968, 0.421291, 0.583885, 0.124994, -0.33892, -0.524343, 0.78115, -0.002831, 0.635249, -0.739982, -0.221094, -1.2e-05, 0.0, 0.0, 0.0, 1.0],
                [0.682145, 0.432934, 0.589276, 0.124994, -0.336108, -0.530056, 0.778506, -0.002831, 0.649392, -0.729113, -0.216063, -1.2e-05, 0.0, 0.0, 0.0, 1.0],
                [0.674639, 0.442108, 0.591101, 0.124994, -0.331041, -0.534526, 0.77762, -0.002831, 0.659752, -0.720291, -0.214256, -1.2e-05, 0.0, 0.0, 0.0, 1.0],
                [0.670597, 0.448975, 0.590526, 0.124994, -0.324937, -0.537835, 0.777912, -0.002831, 0.66687, -0.713548, -0.214782, -1.2e-05, 0.0, 0.0, 0.0, 1.0],
                [0.669034, 0.453678, 0.588701, 0.124994, -0.319033, -0.540095, 0.77879, -0.002831, 0.671275, -0.708851, -0.216604, -1.2e-05, 0.0, 0.0, 0.0, 1.0],
                [0.668898, 0.456373, 0.58677, 0.124994, -0.314579, -0.541399, 0.779696, -0.002831, 0.67351, -0.706121, -0.218576, -1.2e-05, 0.0, 0.0, 0.0, 1.0],
                [0.669098, 0.45723, 0.585873, 0.124994, -0.31282, -0.541821, 0.78011, -0.002831, 0.67413, -0.705242, -0.219501, -1.2e-05, 0.0, 0.0, 0.0, 1.0],
                [0.669098, 0.45723, 0.585873, 0.124994, -0.31282, -0.541821, 0.78011, -0.002831, 0.67413, -0.705242, -0.219501, -1.2e-05, 0.0, 0.0, 0.0, 1.0],
                [0.669098, 0.45723, 0.585873, 0.124994, -0.31282, -0.541821, 0.78011, -0.002831, 0.67413, -0.705242, -0.219501, -1.2e-05, 0.0, 0.0, 0.0, 1.0],
                [0.669098, 0.45723, 0.585873, 0.124994, -0.31282, -0.541821, 0.78011, -0.002831, 0.67413, -0.705242, -0.219501, -1.2e-05, 0.0, 0.0, 0.0, 1.0],
                [0.669098, 0.45723, 0.585873, 0.124994, -0.31282, -0.541821, 0.78011, -0.002831, 0.67413, -0.705242, -0.219501, -1.2e-05, 0.0, 0.0, 0.0, 1.0],
                [0.669098, 0.45723, 0.585873, 0.124994, -0.31282, -0.541821, 0.78011, -0.002831, 0.67413, -0.705242, -0.219501, -1.2e-05, 0.0, 0.0, 0.0, 1.0]
            ]
        },
        {
            "name": "Leg_R",
            "time": [0.0, 0.02, 0.04, 0.06, 0.08, 0.1, 0.12, 0.14, 0.16, 0.18, 0.2, 0.22, 0.24, 0.26, 0.28, 0.3, 0.32, 0.34, 0.36, 0.38, 0.4, 0.42, 0.44, 0.46, 0.48, 0.5, 0.52, 0.54, 0.56, 0.58, 0.6, 0.62, 0.64, 0.66, 0.68, 0.7, 0.72, 0.74, 0.76, 0.78, 0.8, 0.82, 0.84, 0.86, 0.88, 0.9, 0.92, 0.94, 0.96, 0.98, 1.0, 1.02, 1.04, 1.06, 1.08, 1.1, 1.12, 1.14, 1.16, 1.18, 1.2],
            "transform": [
                [1.0, -0.0, 1e-06, -0.0, -0.0, 0.959024, 0.283332, 0.374726, -1e-06, -0.283333, 0.959019, 0.0, 0.0, 0.0, 0.0, 1.0],
                [1.0, -0.0, 1e-06, -0.0, -0.0, 0.938632, 0.344927, 0.374726, -1e-06, -0.344927, 0.938627, -0.0, 0.0, 0.0, 0.0, 1.0],
                [1.0, -0.0, 1e-06, 0.0, -0.0, 0.884884, 0.465816, 0.374726, -1e-06, -0.465817, 0.884879, -0.0, 0.0, 0.0, 0.0, 1.0],
                [1.0, -0.0, 1e-06, -0.0, -0.0, 0.809094, 0.587683, 0.374726, -1e-06, -0.587684, 0.809089, -0.0, 0.0, 0.0, 0.0, 1.0],
                [1.0, -1e-06, 1e-06, 0.0, -0.0, 0.722509, 0.691364, 0.374726, -1e-06, -0.691365, 0.722504, -0.0, 0.0, 0.0, 0.0, 1.0],
                [1.0, -1e-06, 1e-06, -0.0, -0.0, 0.635778, 0.771873, 0.374726, -1e-06, -0.771874, 0.635774, 0.0, 0.0, 0.0, 0.0, 1.0],
                [1.0, -1e-06, 1e-06, -0.0, -0.0, 0.558859, 0.829262, 0.374726, -1e-06, -0.829264, 0.558856, -0.0, 0.0, 0.0, 0.0, 1.0],
                [1.0, -1e-06, 1e-06, 0.0, -0.0, 0.501186, 0.86534, 0.374726, -1e-06, -0.865341, 0.501182, -0.0, 0.0, 0.0, 0.0, 1.0],
                [1.0, -1e-06, 1e-06, 0.0, -0.0, 0.472139, 0.881524, 0.374726, -1e-06, -0.881525, 0.472136, 0.0, 0.0, 0.0, 0.0, 1.0],
                [1.0, -1e-06, 1e-06, 0.0, -0.0, 0.584572, 0.811342, 0.374726, -1e-06, -0.811344, 0.584569, -0.0, 0.0, 0.0, 0.0, 1.0],
                [1.0, -0.0, 1e-06, 0.0, -0.0, 0.797706, 0.603048, 0.374726, -1e-06, -0.603049, 0.797702, -0.0, 0.0, 0.0, 0.0, 1.0],
                [1.0, -0.0, 1e-06, 0.0, -0.0, 0.906133, 0.422999, 0.374726, -1e-06, -0.422999, 0.906127, -0.0, 0.0, 0.0, 0.0, 1.0],
                [1.0, -0.0, 1e-06, 0.0, -0.0, 0.878241, 0.478221, 0.374726, -1e-06, -0.478222, 0.878237, -0.0, 0.0, 0.0, 0.0, 1.0],
                [1.0, -1e-06, 1e-06, 0.0, -0.0, 0.743897, 0.668296, 0.374726, -1e-06, -0.668297, 0.743893, 0.0, 0.0, 0.0, 0.0, 1.0],
                [1.0, -1e-06, 1e-06, 0.0, -0.0, 0.540797, 0.841154, 0.374726, -1e-06, -0.841155, 0.540794, 0.0, 0.0, 0.0, 0.0, 1.0],
                [1.0, -1e-06, 0.0, -0.0, -0.0, 0.30712, 0.95167, 0.374726, -1e-06, -0.951671, 0.307118, 0.0, 0.0, 0.0, 0.0, 1.0],
                [1.0, -1e-06, 0.0, 0.0, -0.0, 0.076314, 0.997083, 0.374726, -1e-06, -0.997084, 0.076313, -0.0, 0.0, 0.0, 0.0, 1.0],
                [1.0, -1e-06, 0.0, -0.0, -0.0, -0.125901, 0.992042, 0.374726, -1e-06, -0.992044, -0.1259, 0.0, 0.0, 0.0, 0.0, 1.0],
                [1.0, -1e-06, -0.0, -0.0, -0.0, -0.282168, 0.959364, 0.374726, -1e-06, -0.959366, -0.282167, -0.0, 0.0, 0.0, 0.0, 1.0],
                [1.0, -1e-06, -0.0, 0.0, -0.0, -0.381723, 0.924276, 0.374726, -1e-06, -0.924277, -0.381722, -0.0, 0.0, 0.0, 0.0, 1.0],
                [1.0, -1e-06, 0.0, 0.0, -0.0, -0.416181, 0.909281, 0.374726, -1e-06, -0.909283, -0.416179, -0.0, 0.0, 0.0, 0.0, 1.0],
                [1.0, -1e-06, -0.0, -0.0, -0.0, -0.405243, 0.914209, 0.374726, -1e-06, -0.91421, -0.40524, -0.0, 0.0, 0.0, 0.0, 1.0],
                [1.000001, -1e-06, -0.0, -0.0, -0.0, -0.378597, 0.925561, 0.374726, -1e-06, -0.925563, -0.378595, 0.0, 0.0, 0.0, 0.0, 1.0],
                [1.0, -1e-06, -0.0, -0.0, -0.0, -0.341089, 0.940031, 0.374726, -1e-06, -0.940032, -0.341087, -0.0, 0.0, 0.0, 0.0, 1.0],
                [1.000001, -1e-06, -0.0, -0.0, -0.0, -0.298125, 0.954527, 0.374726, -1e-06, -0.954528, -0.298123, 0.0, 0.0, 0.0, 0.0, 1.0],
                [1.0, -1e-06, -0.0, 0.0, -0.0, -0.255808, 0.966727, 0.374726, -1e-06, -0.966728, -0.255807, 0.0, 0.0, 0.0, 0.0, 1.0],
                [1.0, -1e-06, 0.0, -0.0, -0.0, -0.220811, 0.975316, 0.374726, -1e-06, -0.975317, -0.22081, 0.0, 0.0, 0.0, 0.0, 1.0],
                [1.000001, -1e-06, 0.0, 0.0, -0.0, -0.199965, 0.979803, 0.374726, -1e-06, -0.979804, -0.199964, 0.0, 0.0, 0.0, 0.0, 1.0],
                [1.0, -1e-06, 0.0, -0.0, -0.0, -0.196975, 0.980408, 0.374726, -1e-06, -0.980409, -0.196974, -0.0, 0.0, 0.0, 0.0, 1.0],
                [1.0, -1e-06, 0.0, -0.0, -0.0, -0.208832, 0.977951, 0.374726, -1e-06, -0.977952, -0.208832, -0.0, 0.0, 0.0, 0.0, 1.0],
                [1.000001, -1e-06, 0.0, 0.0, -0.0, -0.231717, 0.972783, 0.374726, -1e-06, -0.972784, -0.231716, 0.0, 0.0, 0.0, 0.0, 1.0],
                [1.0, -1e-06, -0.0, -0.0, -0.0, -0.261689, 0.965151, 0.374726, -1e-06, -0.965153, -0.261688, -0.0, 0.0, 0.0, 0.0, 1.0],
                [1.0, -1e-06, -0.0, 0.0, -0.0, -0.295024, 0.955489, 0.374726, -1e-06, -0.955491, -0.295022, 0.0, 0.0, 0.0, 0.0, 1.0],
                [1.000001, -1e-06, 0.0, 0.0, -0.0, -0.328447, 0.944522, 0.374726, -1e-06, -0.944523, -0.328446, 0.0, 0.0, 0.0, 0.0, 1.0],
                [1.0, -1e-06, -0.0, -0.0, -0.0, -0.359257, 0.933238, 0.374726, -1e-06, -0.93324, -0.359255, 0.0, 0.0, 0.0, 0.0, 1.0],
                [1.0, -1e-06, -0.0, -0.0, -0.0, -0.385327, 0.92278, 0.374725, -1e-06, -0.922781, -0.385325, 0.0, 0.0, 0.0, 0.0, 1.0],
                [1.000001, -1e-06, -0.0, -0.0, -0.0, -0.405027, 0.914305, 0.374726, -0.0, -0.914306, -0.405024, -0.0, 0.0, 0.0, 0.0, 1.0],
                [1.0, -1e-06, -0.0, 0.0, -0.0, -0.417002, 0.908905, 0.374726, -1e-06, -0.908907, -0.417, -0.0, 0.0, 0.0, 0.0, 1.0],
                [1.0, -1e-06, -0.0, -0.0, -0.0, -0.419882, 0.907579, 0.374726, -1e-06, -0.90758, -0.41988, 0.0, 0.0, 0.0, 0.0, 1.0],
                [1.000001, -1e-06, -0.0, -0.0, -0.0, -0.414291, 0.910144, 0.374726, -0.0, -0.910146, -0.414289, -0.0, 0.0, 0.0, 0.0, 1.0],
                [1.0, -1e-06, -0.0, 0.0, -0.0, -0.402223, 0.915541, 0.374726, -1e-06, -0.915543, -0.402221, -0.0, 0.0, 0.0, 0.0, 1.0],
                [1.0, -1e-06, -0.0, -0.0, -0.0, -0.383694, 0.92346, 0.374726, -1e-06, -0.923461, -0.383692, 0.0, 0.0, 0.0, 0.0, 1.0],
                [1.000001, -1e-06, -0.0, -0.0, -0.0, -0.358831, 0.933402, 0.374726, -0.0, -0.933404, -0.358829, 0.0, 0.0, 0.0, 0.0, 1.0],
                [1.0, -1e-06, -0.0, -0.0, -0.0, -0.328447, 0.944522, 0.374726, -1e-06, -0.944523, -0.328445, 0.0, 0.0, 0.0, 0.0, 1.0],
                [1.0, -1e-06, 0.0, 0.0, -0.0, -0.294407, 0.95568, 0.374726, -1e-06, -0.955681, -0.294406, -0.0, 0.0, 0.0, 0.0, 1.0],
                [1.000001, -1e-06, 0.0, 0.0, -0.0, -0.259879, 0.965641, 0.374726, -1e-06, -0.965642, -0.259878, -0.0, 0.0, 0.0, 0.0, 1.0],
                [1.0, -1e-06, 0.0, 0.0, -0.0, -0.229107, 0.973401, 0.374726, -1e-06, -0.973402, -0.229106, -0.0, 0.0, 0.0, 0.0, 1.0],
                [1.0, -1e-06, 0.0, -0.0, -0.0, -0.207024, 0.978335, 0.374726, -1e-06, -0.978337, -0.207023, -0.0, 0.0, 0.0, 0.0, 1.0],
                [1.000001, -1e-06, 0.0, -0.0, -0.0, -0.198642, 0.980072, 0.374726, -1e-06, -0.980073, -0.198641, 0.0, 0.0, 0.0, 0.0, 1.0],
                [1.0, -1e-06, 0.0, 0.0, -0.0, -0.20025, 0.979744, 0.374726, -1e-06, -0.979746, -0.200249, 0.0, 0.0, 0.0, 0.0, 1.0],
                [1.0, -1e-06, 0.0, -0.0, -0.0, -0.204359, 0.978895, 0.374726, -1e-06, -0.978897, -0.204358, -0.0, 0.0, 0.0, 0.0, 1.0],
                [1.000001, -1e-06, 0.0, 0.0, -0.0, -0.209896, 0.977723, 0.374726, -1e-06, -0.977725, -0.209895, -0.0, 0.0, 0.0, 0.0, 1.0],
                [1.0, -1e-06, 0.0, -0.0, -0.0, -0.215818, 0.976433, 0.374726, -1e-06, -0.976434, -0.215818, 0.0, 0.0, 0.0, 0.0, 1.0],
                [1.0, -1e-06, 0.0, -0.0, -0.0, -0.221153, 0.975238, 0.374726, -1e-06, -0.97524, -0.221152, 0.0, 0.0, 0.0, 0.0, 1.0],
                [1.000001, -1e-06, 0.0, 0.0, -0.0, -0.224995, 0.97436, 0.374726, -1e-06, -0.974361, -0.224994, -0.0, 0.0, 0.0, 0.0, 1.0],
                [1.0, -1e-06, 0.0, -0.0, -0.0, -0.22647, 0.974018, 0.374726, -1e-06, -0.974019, -0.226469, -0.0, 0.0, 0.0, 0.0, 1.0],
                [1.0, -1e-06, 0.0, -0.0, -0.0, -0.22647, 0.974018, 0.374726, -1e-06, -0.974019, -0.226468, -0.0, 0.0, 0.0, 0.0, 1.0],
                [1.000001, -1e-06, 0.0, -0.0, -0.0, -0.22647, 0.974018, 0.374726, -1e-06, -0.974019, -0.226469, -0.0, 0.0, 0.0, 0.0, 1.0],
                [1.0, -1e-06, 0.0, -0.0, -0.0, -0.22647, 0.974018, 0.374726, -1e-06, -0.974019, -0.226469, -0.0, 0.0, 0.0, 0.0, 1.0],
                [1.0, -1e-06, 0.0, -0.0, -0.0, -0.22647, 0.974018, 0.374726, -1e-06, -0.974019, -0.226468, -0.0, 0.0, 0.0, 0.0, 1.0],
                [1.000001, -1e-06, 0.0, -0.0, -0.0, -0.22647, 0.974018, 0.374726, -1e-06, -0.974019, -0.226469, -0.0, 0.0, 0.0, 0.0, 1.0]
            ]
        },
        {
            "name": "Knee_R",
            "time": [0.0, 0.02, 0.04, 0.06, 0.08, 0.1, 0.12, 0.14, 0.16, 0.18, 0.2, 0.22, 0.24, 0.26, 0.28, 0.3, 0.32, 0.34, 0.36, 0.38, 0.4, 0.42, 0.44, 0.46, 0.48, 0.5, 0.52, 0.54, 0.56, 0.58, 0.6, 0.62, 0.64, 0.66, 0.68, 0.7, 0.72, 0.74, 0.76, 0.78, 0.8, 0.82, 0.84, 0.86, 0.88, 0.9, 0.92, 0.94, 0.96, 0.98, 1.0, 1.02, 1.04, 1.06, 1.08, 1.1, 1.12, 1.14, 1.16, 1.18, 1.2],
            "transform": [
                [1.0, 0.0, -0.0, -0.0, -0.0, 0.00567, -0.999984, 0.374726, -0.0, 0.999984, 0.00567, -0.0, 0.0, 0.0, 0.0, 1.0],
                [1.0, 0.0, -0.0, 0.0, -0.0, 0.00567, -0.999984, 0.374726, -0.0, 0.999984, 0.00567, -0.0, 0.0, 0.0, 0.0, 1.0],
                [1.0, 0.0, -0.0, 0.0, -0.0, 0.00567, -0.999984, 0.374726, -0.0, 0.999984, 0.00567, -0.0, 0.0, 0.0, 0.0, 1.0],
                [1.0, 0.0, -0.0, 0.0, -0.0, 0.00567, -0.999984, 0.384522, -0.0, 0.999984, 0.00567, -5.6e-05, 0.0, 0.0, 0.0, 1.0],
                [1.0, 0.0, -0.0, 0.0, -0.0, 0.00567, -0.999984, 0.398722, -0.0, 0.999984, 0.00567, -0.000136, 0.0, 0.0, 0.0, 1.0],
                [1.0, 0.0, -0.0, -0.0, -0.0, 0.00567, -0.999984, 0.411159, -0.0, 0.999984, 0.00567, -0.000207, 0.0, 0.0, 0.0, 1.0],
                [1.0, 0.0, -0.0, -0.0, -0.0, 0.00567, -0.999984, 0.421244, -0.0, 0.999984, 0.00567, -0.000264, 0.0, 0.0, 0.0, 1.0],
                [1.0, 0.0, -0.0, 0.0, -0.0, 0.00567, -0.999984, 0.428391, -0.0, 0.999984, 0.00567, -0.000304, 0.0, 0.0, 0.0, 1.0],
                [1.0, 0.0, -0.0, 0.0, -0.0, 0.00567, -0.999984, 0.431884, -0.0, 0.999984, 0.00567, -0.000324, 0.0, 0.0, 0.0, 1.0],
                [1.0, 0.0, -0.0, 0.0, -0.0, 0.00567, -0.999984, 0.417952, -0.0, 0.999984, 0.00567, -0.000245, 0.0, 0.0, 0.0, 1.0],
                [1.0, 0.0, -0.0, 0.0, -0.0, 0.00567, -0.999984, 0.386531, -0.0, 0.999984, 0.00567, -6.7e-05, 0.0, 0.0, 0.0, 1.0],
                [1.0, 0.0, -0.0, 0.0, -0.0, 0.00567, -0.999984, 0.374726, -0.0, 0.999984, 0.00567, 0.0, 0.0, 0.0, 0.0, 1.0],
                [1.0, 0.0, -0.0, 0.0, -0.0, 0.00567, -0.999984, 0.374726, -0.0, 0.999984, 0.00567, -0.0, 0.0, 0.0, 0.0, 1.0],
                [1.0, 0.0, -0.0, 0.0, -0.0, 0.00567, -0.999984, 0.395417, -0.0, 0.999984, 0.00567, -0.000117, 0.0, 0.0, 0.0, 1.0],
                [1.0, 0.0, -0.0, -0.0, -0.0, 0.00567, -0.999984, 0.423515, -0.0, 0.999984, 0.00567, -0.000277, 0.0, 0.0, 0.0, 1.0],
                [1.0, 0.0, -0.0, 0.0, -0.0, 0.00567, -0.999984, 0.450744, -0.0, 0.999984, 0.00567, -0.000431, 0.0, 0.0, 0.0, 1.0],
                [1.0, 0.0, -0.0, 0.0, -0.0, 0.00567, -0.999984, 0.47551, -0.0, 0.999984, 0.00567, -0.000572, 0.0, 0.0, 0.0, 1.0],
                [1.0, 0.0, -0.0, -0.0, -0.0, 0.00567, -0.999984, 0.484724, -0.0, 0.999984, 0.00567, -0.000623, 0.0, 0.0, 0.0, 1.0],
                [1.0, 0.0, -0.0, -0.0, -0.0, 0.00567, -0.999984, 0.484724, -0.0, 0.999984, 0.00567, -0.000624, 0.0, 0.0, 0.0, 1.0],
                [1.0, 0.0, -0.0, 0.0, -0.0, 0.00567, -0.999984, 0.484724, -0.0, 0.999984, 0.00567, -0.000624, 0.0, 0.0, 0.0, 1.0],
                [1.0, 0.0, -0.0, 0.0, -0.0, 0.00567, -0.999984, 0.484724, -0.0, 0.999984, 0.00567, -0.000624, 0.0, 0.0, 0.0, 1.0],
                [1.0, 0.0, -0.0, 0.0, -0.0, 0.00567, -0.999984, 0.484724, -0.0, 0.999984, 0.00567, -0.000623, 0.0, 0.0, 0.0, 1.0],
                [1.0, 0.0, -0.0, 0.0, -0.0, 0.00567, -0.999984, 0.484724, -0.0, 0.999984, 0.00567, -0.000623, 0.0, 0.0, 0.0, 1.0],
                [1.0, 0.0, -0.0, -0.0, -0.0, 0.00567, -0.999984, 0.484724, -0.0, 0.999984, 0.00567, -0.000624, 0.0, 0.0, 0.0, 1.0],
                [1.0, 0.0, -0.0, -0.0, -0.0, 0.00567, -0.999984, 0.484724, -0.0, 0.999984, 0.00567, -0.000623, 0.0, 0.0, 0.0, 1.0],
                [1.0, 0.0, -0.0, -0.0, -0.0, 0.00567, -0.999984, 0.484725, -0.0, 0.999984, 0.00567, -0.000624, 0.0, 0.0, 0.0, 1.0],
                [1.0, 0.0, -0.0, -0.0, -0.0, 0.00567, -0.999984, 0.484724, -0.0, 0.999984, 0.00567, -0.000624, 0.0, 0.0, 0.0, 1.0],
                [1.0, 0.0, -0.0, 0.0, -0.0, 0.00567, -0.999984, 0.484724, -0.0, 0.999984, 0.00567, -0.000623, 0.0, 0.0, 0.0, 1.0],
                [1.0, 0.0, -0.0, -0.0, -0.0, 0.00567, -0.999984, 0.484724, -0.0, 0.999984, 0.00567, -0.000624, 0.0, 0.0, 0.0, 1.0],
                [1.0, 0.0, -0.0, 0.0, -0.0, 0.00567, -0.999984, 0.484725, -0.0, 0.999984, 0.00567, -0.000624, 0.0, 0.0, 0.0, 1.0],
                [1.0, 0.0, -0.0, -0.0, -0.0, 0.00567, -0.999984, 0.484724, -0.0, 0.999984, 0.00567, -0.000624, 0.0, 0.0, 0.0, 1.0],
                [1.0, 0.0, -0.0, -0.0, -0.0, 0.00567, -0.999984, 0.484724, -0.0, 0.999984, 0.00567, -0.000624, 0.0, 0.0, 0.0, 1.0],
                [1.0, 0.0, -0.0, -0.0, -0.0, 0.00567, -0.999984, 0.484724, -0.0, 0.999984, 0.00567, -0.000624, 0.0, 0.0, 0.0, 1.0],
                [1.0, 0.0, -0.0, 0.0, -0.0, 0.00567, -0.999984, 0.484724, -0.0, 0.999984, 0.00567, -0.000623, 0.0, 0.0, 0.0, 1.0],
                [1.0, 0.0, -0.0, -0.0, -0.0, 0.00567, -0.999984, 0.484724, -0.0, 0.999984, 0.00567, -0.000624, 0.0, 0.0, 0.0, 1.0],
                [1.0, 0.0, -0.0, 0.0, -0.0, 0.00567, -0.999984, 0.484724, -0.0, 0.999984, 0.00567, -0.000624, 0.0, 0.0, 0.0, 1.0],
                [1.0, 0.0, -0.0, 0.0, -0.0, 0.00567, -0.999984, 0.484724, -0.0, 0.999984, 0.00567, -0.000624, 0.0, 0.0, 0.0, 1.0],
                [1.0, 0.0, -0.0, -0.0, -0.0, 0.00567, -0.999984, 0.484724, -0.0, 0.999984, 0.00567, -0.000624, 0.0, 0.0, 0.0, 1.0],
                [1.0, 0.0, -0.0, 0.0, -0.0, 0.00567, -0.999984, 0.484724, -0.0, 0.999984, 0.00567, -0.000623, 0.0, 0.0, 0.0, 1.0],
                [1.0, 0.0, -0.0, 0.0, -0.0, 0.00567, -0.999984, 0.484724, -0.0, 0.999984, 0.00567, -0.000624, 0.0, 0.0, 0.0, 1.0],
                [1.0, 0.0, -0.0, 0.0, -0.0, 0.00567, -0.999984, 0.484724, -0.0, 0.999984, 0.00567, -0.000624, 0.0, 0.0, 0.0, 1.0],
                [1.0, 0.0, -0.0, 0.0, -0.0, 0.00567, -0.999984, 0.484724, -0.0, 0.999984, 0.00567, -0.000624, 0.0, 0.0, 0.0, 1.0],
                [1.0, 0.0, -0.0, -0.0, -0.0, 0.00567, -0.999984, 0.484725, -0.0, 0.999984, 0.00567, -0.000624, 0.0, 0.0, 0.0, 1.0],
                [1.0, 0.0, -0.0, -0.0, -0.0, 0.00567, -0.999984, 0.484724, -0.0, 0.999984, 0.00567, -0.000624, 0.0, 0.0, 0.0, 1.0],
                [1.0, 0.0, -0.0, 0.0, -0.0, 0.00567, -0.999984, 0.484724, -0.0, 0.999984, 0.00567, -0.000624, 0.0, 0.0, 0.0, 1.0],
                [1.0, 0.0, -0.0, 0.0, -0.0, 0.00567, -0.999984, 0.484724, -0.0, 0.999984, 0.00567, -0.000624, 0.0, 0.0, 0.0, 1.0],
                [1.0, 0.0, -0.0, 0.0, -0.0, 0.00567, -0.999984, 0.484724, -0.0, 0.999984, 0.00567, -0.000624, 0.0, 0.0, 0.0, 1.0],
                [1.0, 0.0, -0.0, -0.0, -0.0, 0.00567, -0.999984, 0.484724, -0.0, 0.999984, 0.00567, -0.000624, 0.0, 0.0, 0.0, 1.0],
                [1.0, 0.0, -0.0, 0.0, -0.0, 0.00567, -0.999984, 0.484724, -0.0, 0.999984, 0.00567, -0.000623, 0.0, 0.0, 0.0, 1.0],
                [1.0, 0.0, -0.0, 0.0, -0.0, 0.00567, -0.999984, 0.484724, -0.0, 0.999984, 0.00567, -0.000624, 0.0, 0.0, 0.0, 1.0],
                [1.0, 0.0, -0.0, 0.0, -0.0, 0.00567, -0.999984, 0.484724, -0.0, 0.999984, 0.00567, -0.000624, 0.0, 0.0, 0.0, 1.0],
                [1.0, 0.0, -0.0, 0.0, -0.0, 0.00567, -0.999984, 0.484724, -0.0, 0.999984, 0.00567, -0.000624, 0.0, 0.0, 0.0, 1.0],
                [1.0, 0.0, -0.0, -0.0, -0.0, 0.00567, -0.999984, 0.484724, -0.0, 0.999984, 0.00567, -0.000624, 0.0, 0.0, 0.0, 1.0],
                [1.0, 0.0, -0.0, 0.0, -0.0, 0.00567, -0.999984, 0.484724, -0.0, 0.999984, 0.00567, -0.000624, 0.0, 0.0, 0.0, 1.0],
                [1.0, 0.0, -0.0, 0.0, -0.0, 0.00567, -0.999984, 0.484724, -0.0, 0.999984, 0.00567, -0.000624, 0.0, 0.0, 0.0, 1.0],
                [1.0, 0.0, -0.0, 0.0, -0.0, 0.00567, -0.999984, 0.484724, -0.0, 0.999984, 0.00567, -0.000624, 0.0, 0.0, 0.0, 1.0],
                [1.0, 0.0, -0.0, 0.0, -0.0, 0.00567, -0.999984, 0.484724, -0.0, 0.999984, 0.00567, -0.000624, 0.0, 0.0, 0.0, 1.0],
                [1.0, 0.0, -0.0, -0.0, -0.0, 0.00567, -0.999984, 0.484724, -0.0, 0.999984, 0.00567, -0.000624, 0.0, 0.0, 0.0, 1.0],
                [1.0, 0.0, -0.0, 0.0, -0.0, 0.00567, -0.999984, 0.484724, -0.0, 0.999984, 0.00567, -0.000624, 0.0, 0.0, 0.0, 1.0],
                [1.0, 0.0, -0.0, 0.0, -0.0, 0.00567, -0.999984, 0.484724, -0.0, 0.999984, 0.00567, -0.000624, 0.0, 0.0, 0.0, 1.0],
                [1.0, 0.0, -0.0, -0.0, -0.0, 0.00567, -0.999984, 0.484724, -0.0, 0.999984, 0.00567, -0.000624, 0.0, 0.0, 0.0, 1.0]
            ]
        },
        {
            "name": "Thigh_L",
            "time": [0.0, 0.02, 0.04, 0.06, 0.08, 0.1, 0.12, 0.14, 0.16, 0.18, 0.2, 0.22, 0.24, 0.26, 0.28, 0.3, 0.32, 0.34, 0.36, 0.38, 0.4, 0.42, 0.44, 0.46, 0.48, 0.5, 0.52, 0.54, 0.56, 0.58, 0.6, 0.62, 0.64, 0.66, 0.68, 0.7, 0.72, 0.74, 0.76, 0.78, 0.8, 0.82, 0.84, 0.86, 0.88, 0.9, 0.92, 0.94, 0.96, 0.98, 1.0, 1.02, 1.04, 1.06, 1.08, 1.1, 1.12, 1.14, 1.16, 1.18, 1.2],
            "transform": [
                [0.876398, -0.199586, -0.438281, -0.125006, -0.156727, -0.978739, 0.132308, -0.002831, -0.45537, -0.047264, -0.889046, -1.2e-05, 0.0, 0.0, 0.0, 1.0],
                [0.875833, -0.213548, -0.432797, -0.125006, -0.157694, -0.974182, 0.161556, -0.002831, -0.456124, -0.073247, -0.886897, -1.2e-05, 0.0, 0.0, 0.0, 1.0],
                [0.874308, -0.241683, -0.420921, -0.125006, -0.160479, -0.962382, 0.219241, -0.002831, -0.458074, -0.124136, -0.880204, -1.2e-05, 0.0, 0.0, 0.0, 1.0],
                [0.872034, -0.271984, -0.406916, -0.125006, -0.164982, -0.946072, 0.278796, -0.002831, -0.4608, -0.175985, -0.86988, -1.2e-05, 0.0, 0.0, 0.0, 1.0],
                [0.869187, -0.300466, -0.392726, -0.125006, -0.171128, -0.927917, 0.331186, -0.002831, -0.463928, -0.220656, -0.857952, -1.2e-05, 0.0, 0.0, 0.0, 1.0],
                [0.865948, -0.325557, -0.379665, -0.125006, -0.178765, -0.910457, 0.372974, -0.002831, -0.467093, -0.255106, -0.846608, -1.2e-05, 0.0, 0.0, 0.0, 1.0],
                [0.862552, -0.34616, -0.36902, -0.125006, -0.187562, -0.89613, 0.402207, -0.002831, -0.469919, -0.27771, -0.837886, -1.2e-05, 0.0, 0.0, 0.0, 1.0],
                [0.859344, -0.360988, -0.362236, -0.125006, -0.196917, -0.887283, 0.417074, -0.002831, -0.471966, -0.287079, -0.833566, -1.2e-05, 0.0, 0.0, 0.0, 1.0],
                [0.856839, -0.368096, -0.361014, -0.125006, -0.205892, -0.886239, 0.414957, -0.002831, -0.472689, -0.281221, -0.835153, -1.2e-05, 0.0, 0.0, 0.0, 1.0],
                [0.859629, -0.313652, -0.403312, -0.125006, -0.20166, -0.933588, 0.29622, -0.002831, -0.469437, -0.173308, -0.86579, -1.2e-05, 0.0, 0.0, 0.0, 1.0],
                [0.870382, -0.169178, -0.4624, -0.125006, -0.177509, -0.98378, 0.025807, -0.002831, -0.459266, 0.059618, -0.886296, -1.2e-05, 0.0, 0.0, 0.0, 1.0],
