{
    "animation": [
        {
            "name": "Root",
            "time": [0.0, 0.1, 0.2, 0.2833, 0.3, 0.3167, 0.3333, 0.3667, 0.4, 0.4333, 0.4667, 0.6, 0.6333, 0.65, 0.6833, 0.7, 0.7333, 0.75, 0.8, 0.85, 0.8667, 0.8833, 0.9, 0.9333, 0.95, 0.9833, 1.0, 1.0333, 1.05, 1.0833, 1.1333, 1.15, 1.2833],
            "transform": [
                [0.602521, -0.011171, 0.798025, -0.085593, 0.798034, 0.021592, -0.602226, -0.011788, -0.010504, 0.999704, 0.021924, 0.570107, 0.0, 0.0, 0.0, 1.0],
                [0.602521, -0.011171, 0.798025, -0.085593, 0.798034, 0.021592, -0.602226, 0.006209, -0.010504, 0.999704, 0.021924, 0.597024, 0.0, 0.0, 0.0, 1.0],
                [0.602521, -0.011171, 0.798025, -0.085593, 0.798034, 0.021592, -0.602226, 0.04595, -0.010504, 0.999704, 0.021924, 0.562777, 0.0, 0.0, 0.0, 1.0],
                [0.602521, -0.011171, 0.798025, -0.085593, 0.798034, 0.021592, -0.602226, 0.062718, -0.010504, 0.999704, 0.021924, 0.495424, 0.0, 0.0, 0.0, 1.0],
                [0.572726, -0.013393, 0.819637, -0.085593, 0.819714, 0.018218, -0.572483, 0.050056, -0.007265, 0.999744, 0.021413, 0.489771, 0.0, 0.0, 0.0, 1.0],
                [0.551972, -0.014729, 0.833733, -0.085593, 0.833846, 0.016009, -0.551764, 0.042104, -0.00522, 0.999763, 0.021119, 0.489138, 0.0, 0.0, 0.0, 1.0],
                [0.486241, -0.018116, 0.873637, -0.085593, 0.873825, 0.009534, -0.486147, 0.020149, 0.000478, 0.99979, 0.020467, 0.488154, 0.0, 0.0, 0.0, 1.0],
                [0.388514, -0.021815, 0.921185, -0.085593, 0.921406, 0.000321, -0.3886, -0.009162, 0.008182, 0.999762, 0.020226, 0.487195, 0.0, 0.0, 0.0, 1.0],
                [0.239416, -0.025309, 0.970587, -0.085593, 0.970728, -0.013509, -0.239803, -0.051146, 0.019181, 0.999588, 0.021334, 0.485896, 0.0, 0.0, 0.0, 1.0],
                [0.126852, -0.026467, 0.991569, -0.085593, 0.991554, -0.023843, -0.127487, -0.081948, 0.027016, 0.999365, 0.023219, 0.484941, 0.0, 0.0, 0.0, 1.0],
                [0.045806, -0.025564, 0.998623, -0.085593, 0.998499, -0.028876, -0.046539, -0.094147, 0.030026, 0.999256, 0.024203, 0.48458, 0.0, 0.0, 0.0, 1.0],
                [0.045806, -0.025564, 0.998623, -0.085593, 0.998499, -0.028876, -0.046539, -0.019147, 0.030026, 0.999256, 0.024203, 0.48458, 0.0, 0.0, 0.0, 1.0],
                [0.085209, -0.025564, 0.996035, -0.085593, 0.995882, -0.028876, -0.085937, -0.019147, 0.030958, 0.999256, 0.022998, 0.48458, 0.0, 0.0, 0.0, 1.0],
                [0.172166, -0.025564, 0.984736, -0.085593, 0.98452, -0.028876, -0.172878, -0.019147, 0.032854, 0.999256, 0.020197, 0.48458, 0.0, 0.0, 0.0, 1.0],
                [0.285466, -0.025564, 0.958048, -0.085593, 0.95775, -0.028876, -0.286148, -0.019147, 0.034979, 0.999256, 0.016241, 0.48458, 0.0, 0.0, 0.0, 1.0],
                [0.402181, -0.025564, 0.915203, -0.085593, 0.914823, -0.028876, -0.402821, -0.019147, 0.036725, 0.999256, 0.011773, 0.48458, 0.0, 0.0, 0.0, 1.0],
                [0.500772, -0.025564, 0.865201, -0.085593, 0.864753, -0.028876, -0.501366, -0.019147, 0.0378, 0.999256, 0.007647, 0.48458, 0.0, 0.0, 0.0, 1.0],
                [0.543708, -0.025564, 0.838885, -0.085593, 0.838407, -0.028876, -0.544279, -0.019147, 0.038137, 0.999256, 0.005733, 0.48458, 0.0, 0.0, 0.0, 1.0],
                [0.42797, -0.025564, 0.903432, -0.085593, 0.903034, -0.028876, -0.428598, -0.019147, 0.037044, 0.999256, 0.010727, 0.48458, 0.0, 0.0, 0.0, 1.0],
                [0.180306, -0.025564, 0.983278, -0.085593, 0.983056, -0.028876, -0.181016, -0.019147, 0.03302, 0.999256, 0.019925, 0.48458, 0.0, 0.0, 0.0, 1.0],
                [0.120547, -0.025564, 0.992378, -0.085593, 0.9922, -0.028876, -0.121269, -0.019147, 0.031756, 0.999256, 0.021884, 0.48458, 0.0, 0.0, 0.0, 1.0],
                [0.076714, -0.025564, 0.996725, -0.085593, 0.996578, -0.028876, -0.077443, -0.019147, 0.030761, 0.999256, 0.023261, 0.48458, 0.0, 0.0, 0.0, 1.0],
                [0.045806, -0.025564, 0.998623, -0.085593, 0.998499, -0.028876, -0.046539, -0.019147, 0.030026, 0.999256, 0.024203, 0.48458, 0.0, 0.0, 0.0, 1.0],
                [0.103974, -0.025564, 0.994251, -0.085593, 0.994085, -0.028876, -0.104699, -0.019147, 0.031386, 0.999256, 0.022411, 0.48458, 0.0, 0.0, 0.0, 1.0],
                [0.22015, -0.025564, 0.975131, -0.085593, 0.97488, -0.028876, -0.22085, -0.019147, 0.033803, 0.999256, 0.018565, 0.48458, 0.0, 0.0, 0.0, 1.0],
                [0.329713, -0.025564, 0.943735, -0.085593, 0.943406, -0.028876, -0.33038, -0.019147, 0.035697, 0.999256, 0.014597, 0.48458, 0.0, 0.0, 0.0, 1.0],
                [0.387677, -0.025564, 0.921441, -0.085593, 0.921071, -0.028876, -0.388322, -0.019147, 0.036534, 0.999256, 0.012352, 0.48458, 0.0, 0.0, 0.0, 1.0],
                [0.329713, -0.025564, 0.943735, -0.085593, 0.943406, -0.028876, -0.33038, -0.019147, 0.035697, 0.999256, 0.014597, 0.48458, 0.0, 0.0, 0.0, 1.0],
                [0.22015, -0.025564, 0.975131, -0.085593, 0.97488, -0.028876, -0.22085, -0.019147, 0.033803, 0.999256, 0.018565, 0.48458, 0.0, 0.0, 0.0, 1.0],
                [0.197368, -0.025564, 0.979996, -0.085593, 0.979762, -0.028876, -0.198074, -0.019147, 0.033362, 0.999256, 0.019348, 0.48458, 0.0, 0.0, 0.0, 1.0],
                [0.172166, -0.025564, 0.984736, -0.085593, 0.98452, -0.028876, -0.172878, -0.019147, 0.032854, 0.999256, 0.020197, 0.48458, 0.0, 0.0, 0.0, 1.0],
                [0.085209, -0.025564, 0.996035, -0.085593, 0.995882, -0.028876, -0.085937, -0.019147, 0.030958, 0.999256, 0.022998, 0.48458, 0.0, 0.0, 0.0, 1.0],
                [0.045806, -0.025564, 0.998623, -0.085593, 0.998499, -0.028876, -0.046539, -0.072882, 0.030026, 0.999256, 0.024203, 0.48458, 0.0, 0.0, 0.0, 1.0]
            ]
        },
        {
            "name": "Thigh_R",
            "time": [0.0, 0.1, 0.2, 0.2833, 0.3, 0.3167, 0.3333, 0.3667, 0.4, 0.4333, 0.4667, 0.6, 0.6333, 0.65, 0.6833, 0.7, 0.7333, 0.75, 0.8, 0.85, 0.8667, 0.8833, 0.9, 0.9333, 0.95, 0.9833, 1.0, 1.0333, 1.05, 1.0833, 1.1333, 1.15, 1.2833],
            "transform": [
                [0.61954, 0.747521, 0.239532, 0.124994, 0.37145, -0.548011, 0.749472, -0.002831, 0.691514, -0.375353, -0.617184, -1.2e-05, 0.0, 0.0, 0.0, 1.0],
                [0.648015, 0.704761, 0.288761, 0.124994, 0.364619, -0.619933, 0.694791, -0.002831, 0.668677, -0.344946, -0.658697, -1.2e-05, 0.0, 0.0, 0.0, 1.0],
                [0.625775, 0.73638, 0.257187, 0.124994, 0.370015, -0.570517, 0.733211, -0.002831, 0.686653, -0.363661, -0.629489, -1.2e-05, 0.0, 0.0, 0.0, 1.0],
                [0.54643, 0.818899, 0.175535, 0.124994, 0.385975, -0.432244, 0.814977, -0.002831, 0.74326, -0.377575, -0.552268, -1.2e-05, 0.0, 0.0, 0.0, 1.0],
                [0.562723, 0.812491, 0.152302, 0.124994, 0.412141, -0.435464, 0.800318, -0.002831, 0.716575, -0.387587, -0.57991, -1.2e-05, 0.0, 0.0, 0.0, 1.0],
                [0.573434, 0.806401, 0.144515, 0.124994, 0.427418, -0.444969, 0.786966, -0.002831, 0.698917, -0.389504, -0.599833, -1.2e-05, 0.0, 0.0, 0.0, 1.0],
                [0.594006, 0.793312, 0.133438, 0.124994, 0.467929, -0.475655, 0.744846, -0.002831, 0.654368, -0.380002, -0.653758, -1.2e-05, 0.0, 0.0, 0.0, 1.0],
                [0.607871, 0.782212, 0.136491, 0.124994, 0.515556, -0.519542, 0.68138, -0.002831, 0.603898, -0.343819, -0.719092, -1.2e-05, 0.0, 0.0, 0.0, 1.0],
                [0.615553, 0.769863, 0.16852, 0.124994, 0.570796, -0.582958, 0.578235, -0.002831, 0.543401, -0.25974, -0.798278, -1.2e-05, 0.0, 0.0, 0.0, 1.0],
                [0.618863, 0.75714, 0.209142, 0.124994, 0.602229, -0.628287, 0.492522, -0.002831, 0.504309, -0.178848, -0.844798, -1.2e-05, 0.0, 0.0, 0.0, 1.0],
                [0.615933, 0.745345, 0.255107, 0.124994, 0.615022, -0.657306, 0.435544, -0.002831, 0.492313, -0.111364, -0.863263, -1.2e-05, 0.0, 0.0, 0.0, 1.0],
                [0.615933, 0.745345, 0.255107, 0.124994, 0.615022, -0.657306, 0.435544, -0.002831, 0.492313, -0.111364, -0.863263, -1.2e-05, 0.0, 0.0, 0.0, 1.0],
                [0.608864, 0.757015, 0.237081, 0.124994, 0.612195, -0.638466, 0.466456, -0.002831, 0.504481, -0.138863, -0.852181, -1.2e-05, 0.0, 0.0, 0.0, 1.0],
                [0.593668, 0.779377, 0.200303, 0.124994, 0.599963, -0.594571, 0.535286, -0.002831, 0.536284, -0.197603, -0.820579, -1.2e-05, 0.0, 0.0, 0.0, 1.0],
                [0.576686, 0.801309, 0.159154, 0.124994, 0.569652, -0.534048, 0.624733, -0.002831, 0.5856, -0.269608, -0.764448, -1.2e-05, 0.0, 0.0, 0.0, 1.0],
                [0.566095, 0.81467, 0.125859, 0.124994, 0.519044, -0.470876, 0.713352, -0.002831, 0.640412, -0.338495, -0.689413, -1.2e-05, 0.0, 0.0, 0.0, 1.0],
                [0.56589, 0.817621, 0.106103, 0.124994, 0.460205, -0.420018, 0.782175, -0.002831, 0.684089, -0.393793, -0.613959, -1.2e-05, 0.0, 0.0, 0.0, 1.0],
                [0.569081, 0.816144, 0.100246, 0.124994, 0.430084, -0.399338, 0.809666, -0.002831, 0.700837, -0.417648, -0.578268, -1.2e-05, 0.0, 0.0, 0.0, 1.0],
                [0.565137, 0.816233, 0.119897, 0.124994, 0.505073, -0.457223, 0.732018, -0.002831, 0.652319, -0.353131, -0.670653, -1.2e-05, 0.0, 0.0, 0.0, 1.0],
                [0.59231, 0.78123, 0.197083, 0.124994, 0.598356, -0.590324, 0.541747, -0.002831, 0.539571, -0.202952, -0.817111, -1.2e-05, 0.0, 0.0, 0.0, 1.0],
                [0.602575, 0.766667, 0.221624, 0.124994, 0.608272, -0.620983, 0.494356, -0.002831, 0.51663, -0.163074, -0.840533, -1.2e-05, 0.0, 0.0, 0.0, 1.0],
                [0.610386, 0.754579, 0.240899, 0.124994, 0.612938, -0.642588, 0.459772, -0.002831, 0.501732, -0.132978, -0.85474, -1.2e-05, 0.0, 0.0, 0.0, 1.0],
                [0.615933, 0.745345, 0.255107, 0.124994, 0.615022, -0.657306, 0.435544, -0.002831, 0.492313, -0.111364, -0.863263, -1.2e-05, 0.0, 0.0, 0.0, 1.0],
                [0.563431, 0.784328, 0.259552, 0.124994, 0.607429, -0.606228, 0.513343, -0.002831, 0.559977, -0.13157, -0.817993, -1.2e-05, 0.0, 0.0, 0.0, 1.0],
                [0.470618, 0.844291, 0.25629, 0.124994, 0.558614, -0.509948, 0.654146, -0.002831, 0.682985, -0.164683, -0.711625, -1.2e-05, 0.0, 0.0, 0.0, 1.0],
                [0.416736, 0.877151, 0.2386, 0.124994, 0.485941, -0.436792, 0.757017, -0.002831, 0.768239, -0.199529, -0.608273, -1.2e-05, 0.0, 0.0, 0.0, 1.0],
                [0.405203, 0.885929, 0.22569, 0.124994, 0.443563, -0.406374, 0.798819, -0.002831, 0.799413, -0.223576, -0.557632, -1.2e-05, 0.0, 0.0, 0.0, 1.0],
                [0.416736, 0.877151, 0.2386, 0.124994, 0.485941, -0.436792, 0.757017, -0.002831, 0.768239, -0.199529, -0.608273, -1.2e-05, 0.0, 0.0, 0.0, 1.0],
                [0.470618, 0.844291, 0.25629, 0.124994, 0.558614, -0.509948, 0.654146, -0.002831, 0.682985, -0.164683, -0.711625, -1.2e-05, 0.0, 0.0, 0.0, 1.0],
                [0.529856, 0.815637, 0.232341, 0.124994, 0.582424, -0.549097, 0.599396, -0.002831, 0.616468, -0.182269, -0.765992, -1.2e-05, 0.0, 0.0, 0.0, 1.0],
                [0.593668, 0.779377, 0.200303, 0.124994, 0.599963, -0.594571, 0.535286, -0.002831, 0.536284, -0.197603, -0.820579, -1.2e-05, 0.0, 0.0, 0.0, 1.0],
                [0.608864, 0.757015, 0.237081, 0.124994, 0.612195, -0.638466, 0.466456, -0.002831, 0.504481, -0.138863, -0.852181, -1.2e-05, 0.0, 0.0, 0.0, 1.0],
                [0.615933, 0.745345, 0.255107, 0.124994, 0.615022, -0.657306, 0.435544, -0.002831, 0.492313, -0.111364, -0.863263, -1.2e-05, 0.0, 0.0, 0.0, 1.0]
            ]
        },
        {
            "name": "Leg_R",
            "time": [0.0, 0.1, 0.2, 0.2833, 0.3, 0.3167, 0.3333, 0.3667, 0.4, 0.4333, 0.4667, 0.6, 0.6333, 0.65, 0.6833, 0.7, 0.7333, 0.75, 0.8, 0.85, 0.8667, 0.8833, 0.9, 0.9333, 0.95, 0.9833, 1.0, 1.0333, 1.05, 1.0833, 1.1333, 1.15, 1.2833],
            "transform": [
                [1.0, -1e-06, 1e-06, -0.0, -0.0, 0.401442, 0.915887, 0.37472, -1e-06, -0.915884, 0.401441, -0.0, 0.0, 0.0, 0.0, 1.0],
                [1.0, -1e-06, 1e-06, -0.0, -0.0, 0.481062, 0.876689, 0.37472, -1e-06, -0.876687, 0.481061, 0.0, 0.0, 0.0, 0.0, 1.0],
                [1.0, -1e-06, 0.0, 0.0, -0.0, 0.291653, 0.956526, 0.37472, -1e-06, -0.956524, 0.291652, -0.0, 0.0, 0.0, 0.0, 1.0],
                [1.0, -1e-06, 0.0, -0.0, -0.0, 0.029627, 0.999563, 0.37472, -1e-06, -0.99956, 0.029625, -0.0, 0.0, 0.0, 0.0, 1.0],
                [1.0, -1e-06, 0.0, -0.0, -0.0, 0.02848, 0.999596, 0.37472, -1e-06, -0.999593, 0.028479, -0.0, 0.0, 0.0, 0.0, 1.0],
                [1.0, -1e-06, 0.0, -0.0, -0.0, 0.038406, 0.999264, 0.37472, -1e-06, -0.99926, 0.038404, 0.0, 0.0, 0.0, 0.0, 1.0],
                [1.0, -1e-06, 0.0, -0.0, -0.0, 0.071488, 0.997444, 0.37472, -1e-06, -0.99744, 0.071486, -0.0, 0.0, 0.0, 0.0, 1.0],
                [1.0, -1e-06, 0.0, 0.0, -0.0, 0.123874, 0.992302, 0.37472, -1e-06, -0.992296, 0.123872, 0.0, 0.0, 0.0, 0.0, 1.0],
                [1.0, -1e-06, 0.0, 0.0, -0.0, 0.213792, 0.976882, 0.37472, -1e-06, -0.976879, 0.213791, 0.0, 0.0, 0.0, 0.0, 1.0],
                [1.0, -1e-06, 0.0, 0.0, -0.0, 0.291452, 0.956589, 0.37472, -1e-06, -0.956585, 0.291451, -0.0, 0.0, 0.0, 0.0, 1.0],
                [1.0, -1e-06, 0.0, 0.0, -0.0, 0.333328, 0.942815, 0.37472, -1e-06, -0.942811, 0.333327, 0.0, 0.0, 0.0, 0.0, 1.0],
                [1.0, -1e-06, 0.0, 0.0, -0.0, 0.333328, 0.942815, 0.37472, -1e-06, -0.942811, 0.333327, 0.0, 0.0, 0.0, 0.0, 1.0],
                [1.0, -1e-06, 0.0, -0.0, -0.0, 0.324864, 0.945764, 0.37472, -1e-06, -0.94576, 0.324864, -0.0, 0.0, 0.0, 0.0, 1.0],
                [1.0, -1e-06, 0.0, -0.0, -0.0, 0.308144, 0.951344, 0.37472, -1e-06, -0.951339, 0.308143, -0.0, 0.0, 0.0, 0.0, 1.0],
                [1.0, -0.0, 1e-06, 0.0, -0.0, 0.290548, 0.956865, 0.37472, -1e-06, -0.956859, 0.290546, 0.0, 0.0, 0.0, 0.0, 1.0],
                [1.0, -1e-06, 0.0, 0.0, -0.0, 0.277807, 0.960641, 0.37472, -1e-06, -0.960636, 0.277805, -0.0, 0.0, 0.0, 0.0, 1.0],
                [1.0, -1e-06, 0.0, -0.0, -0.0, 0.271893, 0.962332, 0.37472, -1e-06, -0.962325, 0.271891, -0.0, 0.0, 0.0, 0.0, 1.0],
                [1.0, -1e-06, 0.0, -0.0, -0.0, 0.270911, 0.962608, 0.37472, -1e-06, -0.962603, 0.270909, -0.0, 0.0, 0.0, 0.0, 1.0],
                [1.0, -1e-06, 0.0, 0.0, -0.0, 0.275801, 0.961219, 0.37472, -1e-06, -0.961213, 0.275799, 0.0, 0.0, 0.0, 0.0, 1.0],
                [1.0, -0.0, 1e-06, 0.0, -0.0, 0.306718, 0.951805, 0.37472, -1e-06, -0.9518, 0.306717, -0.0, 0.0, 0.0, 0.0, 1.0],
                [1.0, -1e-06, 0.0, -0.0, -0.0, 0.317743, 0.948181, 0.37472, -1e-06, -0.948176, 0.317742, 0.0, 0.0, 0.0, 0.0, 1.0],
                [1.0, -1e-06, 1e-06, 0.0, -0.0, 0.326643, 0.945152, 0.37472, -1e-06, -0.945147, 0.326643, 0.0, 0.0, 0.0, 0.0, 1.0],
                [1.0, -1e-06, 0.0, 0.0, -0.0, 0.333328, 0.942815, 0.37472, -1e-06, -0.942811, 0.333327, 0.0, 0.0, 0.0, 0.0, 1.0],
                [1.0, -0.0, 1e-06, -0.0, 0.0, 0.320978, 0.94709, 0.37472, -1e-06, -0.947086, 0.320977, 0.0, 0.0, 0.0, 0.0, 1.0],
                [1.0, -1e-06, 0.0, -0.0, -0.0, 0.300122, 0.953904, 0.37472, -1e-06, -0.9539, 0.300121, -0.0, 0.0, 0.0, 0.0, 1.0],
                [1.0, -1e-06, 0.0, 0.0, -0.0, 0.284973, 0.958538, 0.37472, -1e-06, -0.958535, 0.284972, 0.0, 0.0, 0.0, 0.0, 1.0],
                [1.0, -1e-06, 0.0, 0.0, -0.0, 0.278938, 0.960311, 0.37472, -1e-06, -0.960308, 0.278936, 0.0, 0.0, 0.0, 0.0, 1.0],
                [1.0, -1e-06, 0.0, 0.0, -0.0, 0.284973, 0.958538, 0.37472, -1e-06, -0.958535, 0.284972, 0.0, 0.0, 0.0, 0.0, 1.0],
                [1.0, -1e-06, 0.0, -0.0, -0.0, 0.300122, 0.953904, 0.37472, -1e-06, -0.9539, 0.300121, -0.0, 0.0, 0.0, 0.0, 1.0],
                [1.0, -1e-06, 0.0, -0.0, -0.0, 0.303727, 0.952762, 0.37472, -1e-06, -0.952759, 0.303726, -0.0, 0.0, 0.0, 0.0, 1.0],
                [1.0, -1e-06, 0.0, -0.0, -0.0, 0.308144, 0.951344, 0.37472, -1e-06, -0.951339, 0.308143, -0.0, 0.0, 0.0, 0.0, 1.0],
                [1.0, -1e-06, 0.0, -0.0, -0.0, 0.324864, 0.945764, 0.37472, -1e-06, -0.94576, 0.324864, -0.0, 0.0, 0.0, 0.0, 1.0],
                [1.0, -1e-06, 0.0, 0.0, -0.0, 0.333328, 0.942815, 0.37472, -1e-06, -0.942811, 0.333327, -0.0, 0.0, 0.0, 0.0, 1.0]
            ]
        },
        {
            "name": "Knee_R",
            "time": [0.0, 0.1, 0.2, 0.2833, 0.3, 0.3167, 0.3333, 0.3667, 0.4, 0.4333, 0.4667, 0.6, 0.6333, 0.65, 0.6833, 0.7, 0.7333, 0.75, 0.8, 0.85, 0.8667, 0.8833, 0.9, 0.9333, 0.95, 0.9833, 1.0, 1.0333, 1.05, 1.0833, 1.1333, 1.15, 1.2833],
            "transform": [
                [1.0, 0.0, -0.0, 0.0, -0.0, 1e-06, -1.0, 0.441328, -0.0, 1.0, 1e-06, -0.0, 0.0, 0.0, 0.0, 1.0],
                [1.0, 0.0, -0.0, 0.0, -0.0, 1e-06, -1.0, 0.432003, -0.0, 1.0, 1e-06, -0.0, 0.0, 0.0, 0.0, 1.0],
                [1.0, 0.0, -0.0, 0.0, -0.0, 1e-06, -1.0, 0.453633, -0.0, 1.0, 1e-06, -0.0, 0.0, 0.0, 0.0, 1.0],
                [1.0, 0.0, -0.0, 0.0, -0.0, 1e-06, -1.0, 0.481608, -0.0, 1.0, 1e-06, -0.0, 0.0, 0.0, 0.0, 1.0],
                [1.0, 0.0, -0.0, 0.0, -0.0, 1e-06, -1.0, 0.481728, -0.0, 1.0, 1e-06, -0.0, 0.0, 0.0, 0.0, 1.0],
                [1.0, 0.0, -0.0, 0.0, -0.0, 1e-06, -1.0, 0.480685, -0.0, 1.0, 1e-06, -0.0, 0.0, 0.0, 0.0, 1.0],
                [1.0, 0.0, -0.0, -0.0, -0.0, 1e-06, -1.0, 0.477205, -0.0, 1.0, 0.0, -0.0, 0.0, 0.0, 0.0, 1.0],
                [1.0, 0.0, -0.0, 0.0, -0.0, 1e-06, -1.0, 0.471675, -0.0, 1.0, 1e-06, -0.0, 0.0, 0.0, 0.0, 1.0],
                [1.0, -0.0, -0.0, 0.0, -0.0, 1e-06, -1.0, 0.462088, -0.0, 1.0, 1e-06, -0.0, 0.0, 0.0, 0.0, 1.0],
                [1.0, 0.0, -0.0, 0.0, -0.0, 1e-06, -1.0, 0.453655, -0.0, 1.0, 1e-06, -0.0, 0.0, 0.0, 0.0, 1.0],
                [1.0, 0.0, -0.0, 0.0, -0.0, 1e-06, -1.0, 0.449024, -0.0, 1.0, 1e-06, -0.0, 0.0, 0.0, 0.0, 1.0],
                [1.0, 0.0, -0.0, 0.0, -0.0, 1e-06, -1.0, 0.449024, -0.0, 1.0, 1e-06, -0.0, 0.0, 0.0, 0.0, 1.0],
                [1.0, 0.0, -0.0, 0.0, -0.0, 1e-06, -1.0, 0.449965, -0.0, 1.0, 1e-06, -0.0, 0.0, 0.0, 0.0, 1.0],
                [1.0, 0.0, -0.0, -0.0, -0.0, 1e-06, -1.0, 0.451817, -0.0, 1.0, 1e-06, -0.0, 0.0, 0.0, 0.0, 1.0],
                [1.0, 0.0, -0.0, -0.0, -0.0, 1e-06, -1.0, 0.453754, -0.0, 1.0, 1e-06, -0.0, 0.0, 0.0, 0.0, 1.0],
                [1.0, 0.0, -0.0, 0.0, -0.0, 1e-06, -1.0, 0.45515, -0.0, 1.0, 1e-06, -0.0, 0.0, 0.0, 0.0, 1.0],
                [1.0, 0.0, -0.0, 0.0, -0.0, 1e-06, -1.0, 0.455796, -0.0, 1.0, 1e-06, -0.0, 0.0, 0.0, 0.0, 1.0],
                [1.0, 0.0, -0.0, 0.0, -0.0, 1e-06, -1.0, 0.455903, -0.0, 1.0, 1e-06, -0.0, 0.0, 0.0, 0.0, 1.0],
                [1.0, 0.0, -0.0, 0.0, -0.0, 1e-06, -1.0, 0.455369, -0.0, 1.0, 1e-06, -0.0, 0.0, 0.0, 0.0, 1.0],
                [1.0, 0.0, -0.0, 0.0, -0.0, 1e-06, -1.0, 0.451974, -0.0, 1.0, 1e-06, -0.0, 0.0, 0.0, 0.0, 1.0],
                [1.0, 0.0, -0.0, -0.0, -0.0, 1e-06, -1.0, 0.450755, -0.0, 1.0, 1e-06, -0.0, 0.0, 0.0, 0.0, 1.0],
                [1.0, 0.0, -0.0, 0.0, -0.0, 1e-06, -1.0, 0.449768, 0.0, 1.0, 1e-06, 0.0, 0.0, 0.0, 0.0, 1.0],
                [1.0, 0.0, -0.0, 0.0, -0.0, 1e-06, -1.0, 0.449024, -0.0, 1.0, 1e-06, -0.0, 0.0, 0.0, 0.0, 1.0],
                [1.0, 0.0, -0.0, -0.0, -0.0, 1e-06, -1.0, 0.450397, -0.0, 1.0, 1e-06, -0.0, 0.0, 0.0, 0.0, 1.0],
                [1.0, -0.0, -0.0, 0.0, -0.0, 1e-06, -1.0, 0.452701, 0.0, 1.0, 1e-06, -0.0, 0.0, 0.0, 0.0, 1.0],
                [1.0, 0.0, -0.0, 0.0, -0.0, 1e-06, -1.0, 0.454365, -0.0, 1.0, 1e-06, -0.0, 0.0, 0.0, 0.0, 1.0],
                [1.0, 0.0, -0.0, 0.0, -0.0, 1e-06, -1.0, 0.455026, -0.0, 1.0, 1e-06, -0.0, 0.0, 0.0, 0.0, 1.0],
                [1.0, 0.0, -0.0, 0.0, -0.0, 1e-06, -1.0, 0.454365, -0.0, 1.0, 1e-06, -0.0, 0.0, 0.0, 0.0, 1.0],
                [1.0, -0.0, -0.0, 0.0, -0.0, 1e-06, -1.0, 0.452701, 0.0, 1.0, 1e-06, -0.0, 0.0, 0.0, 0.0, 1.0],
                [1.0, -0.0, -0.0, 0.0, -0.0, 1e-06, -1.0, 0.452304, -0.0, 1.0, 1e-06, -0.0, 0.0, 0.0, 0.0, 1.0],
                [1.0, 0.0, -0.0, -0.0, -0.0, 1e-06, -1.0, 0.451817, -0.0, 1.0, 1e-06, -0.0, 0.0, 0.0, 0.0, 1.0],
                [1.0, 0.0, -0.0, 0.0, -0.0, 1e-06, -1.0, 0.449965, -0.0, 1.0, 1e-06, -0.0, 0.0, 0.0, 0.0, 1.0],
                [1.0, 0.0, -0.0, 0.0, -0.0, 1e-06, -1.0, 0.449024, -0.0, 1.0, 1e-06, -0.0, 0.0, 0.0, 0.0, 1.0]
            ]
        },
        {
            "name": "Thigh_L",
            "time": [0.0, 0.1, 0.2, 0.2833, 0.3, 0.3167, 0.3333, 0.3667, 0.4, 0.4333, 0.4667, 0.6, 0.6333, 0.65, 0.6833, 0.7, 0.7333, 0.75, 0.8, 0.85, 0.8667, 0.8833, 0.9, 0.9333, 0.95, 0.9833, 1.0, 1.0333, 1.05, 1.0833, 1.1333, 1.15, 1.2833],
            "transform": [
                [0.832871, -0.492337, -0.252842, -0.125006, -0.427441, -0.86239, 0.271242, -0.002831, -0.351591, -0.117826, -0.928708, -1.2e-05, 0.0, 0.0, 0.0, 1.0],
                [0.842882, -0.437309, -0.313547, -0.125006, -0.412436, -0.899285, 0.145525, -0.002831, -0.345607, 0.006666, -0.938354, -1.2e-05, 0.0, 0.0, 0.0, 1.0],
                [0.8309, -0.502836, -0.238247, -0.125006, -0.430327, -0.852155, 0.297735, -0.002831, -0.352734, -0.144856, -0.924442, -1.2e-05, 0.0, 0.0, 0.0, 1.0],
                [0.801399, -0.582113, -0.137489, -0.125006, -0.471054, -0.755895, 0.454671, -0.002831, -0.368597, -0.299601, -0.879985, -1.2e-05, 0.0, 0.0, 0.0, 1.0],
                [0.774451, -0.612585, -0.158004, -0.125006, -0.4558, -0.713494, 0.532135, -0.002831, -0.438713, -0.340087, -0.831787, -1.2e-05, 0.0, 0.0, 0.0, 1.0],
                [0.762687, -0.624457, -0.168407, -0.125006, -0.441163, -0.692694, 0.570566, -0.002831, -0.472949, -0.360861, -0.803801, -1.2e-05, 0.0, 0.0, 0.0, 1.0],
                [0.763112, -0.626259, -0.159552, -0.125006, -0.398337, -0.650211, 0.646954, -0.002831, -0.508904, -0.430137, -0.745651, -1.2e-05, 0.0, 0.0, 0.0, 1.0],
                [0.821729, -0.563496, -0.085054, -0.125006, -0.353214, -0.620736, 0.699945, -0.002831, -0.447212, -0.545116, -0.709114, -1.2e-05, 0.0, 0.0, 0.0, 1.0],
                [0.914421, -0.401323, 0.052696, -0.125006, -0.304162, -0.595406, 0.743625, -0.002831, -0.267056, -0.696008, -0.666518, -1.2e-05, 0.0, 0.0, 0.0, 1.0],
                [0.955798, -0.25213, 0.15127, -0.125006, -0.274377, -0.579936, 0.767067, -0.002831, -0.105671, -0.774661, -0.62348, -1.2e-05, 0.0, 0.0, 0.0, 1.0],
                [0.96546, -0.171459, 0.196186, -0.125006, -0.259556, -0.567316, 0.781526, -0.002831, -0.022697, -0.80545, -0.592223, -1.2e-05, 0.0, 0.0, 0.0, 1.0],
                [0.96546, -0.171459, 0.196186, -0.125006, -0.259556, -0.567315, 0.781526, -0.002831, -0.022697, -0.80545, -0.592223, -1.2e-05, 0.0, 0.0, 0.0, 1.0],
                [0.963304, -0.188908, 0.190684, -0.125006, -0.265956, -0.575899, 0.773051, -0.002831, -0.036217, -0.795393, -0.605006, -1.2e-05, 0.0, 0.0, 0.0, 1.0],
                [0.957992, -0.225086, 0.17773, -0.125006, -0.279688, -0.596179, 0.752558, -0.002831, -0.063428, -0.770651, -0.634088, -1.2e-05, 0.0, 0.0, 0.0, 1.0],
                [0.950517, -0.26686, 0.159078, -0.125006, -0.296417, -0.625679, 0.721569, -0.002831, -0.093022, -0.733012, -0.67382, -1.2e-05, 0.0, 0.0, 0.0, 1.0],
                [0.943217, -0.302295, 0.137701, -0.125006, -0.311396, -0.660351, 0.683351, -0.002831, -0.11564, -0.687422, -0.716987, -1.2e-05, 0.0, 0.0, 0.0, 1.0],
                [0.938432, -0.3247, 0.117969, -0.125006, -0.321071, -0.693721, 0.64472, -0.002831, -0.1275, -0.642897, -0.755261, -1.2e-05, 0.0, 0.0, 0.0, 1.0],
                [0.937035, -0.331817, 0.10892, -0.125006, -0.324008, -0.709621, 0.625664, -0.002831, -0.130311, -0.621555, -0.772451, -1.2e-05, 0.0, 0.0, 0.0, 1.0],
                [0.941796, -0.308894, 0.132685, -0.125006, -0.314252, -0.668687, 0.673871, -0.002831, -0.119428, -0.676341, -0.726837, -1.2e-05, 0.0, 0.0, 0.0, 1.0],
                [0.957467, -0.228299, 0.176459, -0.125006, -0.28094, -0.598177, 0.750504, -0.002831, -0.065782, -0.768153, -0.636872, -1.2e-05, 0.0, 0.0, 0.0, 1.0],
                [0.961223, -0.204008, 0.185558, -0.125006, -0.271608, -0.583911, 0.765032, -0.002831, -0.04772, -0.785763, -0.616679, -1.2e-05, 0.0, 0.0, 0.0, 1.0],
                [0.963784, -0.185199, 0.19189, -0.125006, -0.264584, -0.574018, 0.774918, -0.002831, -0.033363, -0.797622, -0.60223, -1.2e-05, 0.0, 0.0, 0.0, 1.0],
                [0.96546, -0.171459, 0.196186, -0.125006, -0.259556, -0.567315, 0.781526, -0.002831, -0.022697, -0.80545, -0.592223, -1.2e-05, 0.0, 0.0, 0.0, 1.0],
                [0.960809, -0.174803, 0.215153, -0.125006, -0.277124, -0.586494, 0.76107, -0.002831, -0.006848, -0.790863, -0.61195, -1.2e-05, 0.0, 0.0, 0.0, 1.0],
                [0.950821, -0.170203, 0.258787, -0.125006, -0.306865, -0.63114, 0.712387, -0.002831, 0.042084, -0.756763, -0.65233, -1.2e-05, 0.0, 0.0, 0.0, 1.0],
                [0.939791, -0.152233, 0.305971, -0.125006, -0.324076, -0.681147, 0.656516, -0.002831, 0.108472, -0.716142, -0.68947, -1.2e-05, 0.0, 0.0, 0.0, 1.0],
                [0.932962, -0.137619, 0.332632, -0.125006, -0.327, -0.710334, 0.623294, -0.002831, 0.150506, -0.690278, -0.707715, -1.2e-05, 0.0, 0.0, 0.0, 1.0],
                [0.939791, -0.152233, 0.305971, -0.125006, -0.324076, -0.681147, 0.656516, -0.002831, 0.108472, -0.716142, -0.68947, -1.2e-05, 0.0, 0.0, 0.0, 1.0],
                [0.950821, -0.170203, 0.258787, -0.125006, -0.306865, -0.63114, 0.712387, -0.002831, 0.042084, -0.756763, -0.65233, -1.2e-05, 0.0, 0.0, 0.0, 1.0],
                [0.955641, -0.199502, 0.216682, -0.125006, -0.294227, -0.613115, 0.733158, -0.002831, -0.013412, -0.764385, -0.644615, -1.2e-05, 0.0, 0.0, 0.0, 1.0],
                [0.957992, -0.225086, 0.17773, -0.125006, -0.279688, -0.596179, 0.752558, -0.002831, -0.063428, -0.770651, -0.634088, -1.2e-05, 0.0, 0.0, 0.0, 1.0],
                [0.963304, -0.188908, 0.190684, -0.125006, -0.265956, -0.575899, 0.773051, -0.002831, -0.036217, -0.795393, -0.605006, -1.2e-05, 0.0, 0.0, 0.0, 1.0],
                [0.96546, -0.171459, 0.196186, -0.125006, -0.259556, -0.567315, 0.781526, -0.002831, -0.022697, -0.80545, -0.592223, -1.2e-05, 0.0, 0.0, 0.0, 1.0]
            ]
        },
        {
            "name": "Leg_L",
            "time": [0.0, 0.1, 0.2, 0.2833, 0.3, 0.3167, 0.3333, 0.3667, 0.4, 0.4333, 0.4667, 0.6, 0.6333, 0.65, 0.6833, 0.7, 0.7333, 0.75, 0.8, 0.85, 0.8667, 0.8833, 0.9, 0.9333, 0.95, 0.9833, 1.0, 1.0333, 1.05, 1.0833, 1.1333, 1.15, 1.2833],
            "transform": [
                [1.0, -0.0, 1e-06, -0.0, -0.0, 0.82435, 0.566081, 0.37472, -1e-06, -0.56608, 0.824353, -0.0, 0.0, 0.0, 0.0, 1.0],
                [1.0, 0.0, 1e-06, -0.0, -0.0, 0.949041, 0.315152, 0.37472, -1e-06, -0.315152, 0.949043, 0.0, 0.0, 0.0, 0.0, 1.0],
                [1.0, -0.0, 1e-06, -0.0, -0.0, 0.788598, 0.61491, 0.37472, -1e-06, -0.614908, 0.788602, -0.0, 0.0, 0.0, 0.0, 1.0],
                [1.0, -1e-06, 1e-06, 0.0, -0.0, 0.500037, 0.866008, 0.37472, -1e-06, -0.866002, 0.500039, -0.0, 0.0, 0.0, 0.0, 1.0],
                [1.0, -1e-06, 1e-06, -0.0, -0.0, 0.444791, 0.895639, 0.37472, -1e-06, -0.895632, 0.444792, 0.0, 0.0, 0.0, 0.0, 1.0],
                [1.0, -1e-06, 1e-06, 0.0, -0.0, 0.422719, 0.906265, 0.37472, -1e-06, -0.906258, 0.42272, 0.0, 0.0, 0.0, 0.0, 1.0],
                [1.0, -1e-06, 0.0, -0.0, -0.0, 0.368934, 0.92946, 0.37472, -1e-06, -0.929453, 0.368935, 0.0, 0.0, 0.0, 0.0, 1.0],
                [1.0, -1e-06, 1e-06, 0.0, -0.0, 0.309377, 0.950944, 0.37472, -1e-06, -0.950937, 0.309378, -0.0, 0.0, 0.0, 0.0, 1.0],
                [1.0, -1e-06, 0.0, 0.0, -0.0, 0.245418, 0.969421, 0.37472, -1e-06, -0.969416, 0.245419, -0.0, 0.0, 0.0, 0.0, 1.0],
                [1.0, -1e-06, 0.0, -0.0, -0.0, 0.212826, 0.977093, 0.37472, -1e-06, -0.977089, 0.212826, 0.0, 0.0, 0.0, 0.0, 1.0],
                [1.0, -1e-06, 0.0, -0.0, -0.0, 0.207206, 0.9783, 0.37472, -1e-06, -0.978296, 0.207206, 0.0, 0.0, 0.0, 0.0, 1.0],
                [1.0, -1e-06, 0.0, 0.0, -0.0, 0.207206, 0.9783, 0.37472, -1e-06, -0.978296, 0.207206, 0.0, 0.0, 0.0, 0.0, 1.0],
                [1.0, -1e-06, 0.0, -0.0, -0.0, 0.202237, 0.979339, 0.37472, -1e-06, -0.979336, 0.202237, -0.0, 0.0, 0.0, 0.0, 1.0],
                [1.0, -1e-06, 0.0, 0.0, -0.0, 0.192601, 0.981279, 0.37472, -1e-06, -0.981276, 0.192601, -0.0, 0.0, 0.0, 0.0, 1.0],
                [1.0, -1e-06, 0.0, -0.0, -0.0, 0.18289, 0.983136, 0.37472, -1e-06, -0.983133, 0.18289, 0.0, 0.0, 0.0, 0.0, 1.0],
                [1.0, -1e-06, 0.0, 0.0, -0.0, 0.176535, 0.984297, 0.37472, -1e-06, -0.984294, 0.176535, -0.0, 0.0, 0.0, 0.0, 1.0],
                [1.0, -1e-06, 0.0, 0.0, -0.0, 0.174452, 0.984668, 0.37472, -1e-06, -0.984665, 0.174452, 0.0, 0.0, 0.0, 0.0, 1.0],
                [1.0, -1e-06, 0.0, 0.0, -0.0, 0.174624, 0.984637, 0.37472, -1e-06, -0.984635, 0.174624, -0.0, 0.0, 0.0, 0.0, 1.0],
                [1.0, -1e-06, 0.0, 0.0, -0.0, 0.17568, 0.98445, 0.37472, -1e-06, -0.984447, 0.17568, 0.0, 0.0, 0.0, 0.0, 1.0],
                [1.0, -1e-06, 0.0, 0.0, -0.0, 0.191794, 0.981438, 0.37472, -1e-06, -0.981435, 0.191794, -0.0, 0.0, 0.0, 0.0, 1.0],
                [1.0, -1e-06, 0.0, 0.0, -0.0, 0.198099, 0.980184, 0.37472, -1e-06, -0.980181, 0.1981, -0.0, 0.0, 0.0, 0.0, 1.0],
                [1.0, -1e-06, 0.0, 0.0, -0.0, 0.203277, 0.979123, 0.37472, -1e-06, -0.979121, 0.203277, 0.0, 0.0, 0.0, 0.0, 1.0],
                [1.0, -1e-06, 0.0, 0.0, -0.0, 0.207206, 0.9783, 0.37472, -1e-06, -0.978296, 0.207206, 0.0, 0.0, 0.0, 0.0, 1.0],
                [1.0, -1e-06, 0.0, -0.0, -0.0, 0.200157, 0.979766, 0.37472, -1e-06, -0.979763, 0.200157, -0.0, 0.0, 0.0, 0.0, 1.0],
                [1.0, -1e-06, 0.0, -0.0, -0.0, 0.188207, 0.982131, 0.37472, -1e-06, -0.982129, 0.188207, 0.0, 0.0, 0.0, 0.0, 1.0],
                [1.0, -1e-06, 0.0, -0.0, -0.0, 0.180111, 0.983648, 0.37472, -1e-06, -0.983646, 0.180111, 0.0, 0.0, 0.0, 0.0, 1.0],
                [1.0, -1e-06, 0.0, 0.0, -0.0, 0.177175, 0.98418, 0.37472, -1e-06, -0.984179, 0.177175, 0.0, 0.0, 0.0, 0.0, 1.0],
                [1.0, -1e-06, 0.0, -0.0, -0.0, 0.180111, 0.983648, 0.37472, -1e-06, -0.983646, 0.180111, 0.0, 0.0, 0.0, 0.0, 1.0],
                [1.0, -1e-06, 0.0, -0.0, -0.0, 0.188207, 0.982131, 0.37472, -1e-06, -0.982129, 0.188207, 0.0, 0.0, 0.0, 0.0, 1.0],
                [1.0, -1e-06, 0.0, -0.0, -0.0, 0.190124, 0.981762, 0.37472, -1e-06, -0.98176, 0.190124, 0.0, 0.0, 0.0, 0.0, 1.0],
                [1.0, -1e-06, 0.0, 0.0, -0.0, 0.192601, 0.981279, 0.37472, -1e-06, -0.981276, 0.192601, -0.0, 0.0, 0.0, 0.0, 1.0],
                [1.0, -1e-06, 0.0, -0.0, -0.0, 0.202237, 0.979339, 0.37472, -1e-06, -0.979336, 0.202237, -0.0, 0.0, 0.0, 0.0, 1.0],
                [1.0, -1e-06, 0.0, -0.0, -0.0, 0.207206, 0.9783, 0.37472, -1e-06, -0.978297, 0.207206, -0.0, 0.0, 0.0, 0.0, 1.0]
            ]
        },
        {
            "name": "Knee_L",
            "time": [0.0, 0.1, 0.2, 0.2833, 0.3, 0.3167, 0.3333, 0.3667, 0.4, 0.4333, 0.4667, 0.6, 0.6333, 0.65, 0.6833, 0.7, 0.7333, 0.75, 0.8, 0.85, 0.8667, 0.8833, 0.9, 0.9333, 0.95, 0.9833, 1.0, 1.0333, 1.05, 1.0833, 1.1333, 1.15, 1.2833],
            "transform": [
                [1.0, 0.0, -0.0, 0.0, -0.0, 1e-06, -1.0, 0.382928, -0.0, 1.0, 1e-06, 0.0, 0.0, 0.0, 0.0, 1.0],
                [1.0, 0.0, -0.0, -0.0, -0.0, 1e-06, -1.0, 0.37472, -0.0, 1.0, 1e-06, 0.0, 0.0, 0.0, 0.0, 1.0],
                [1.0, 0.0, -0.0, -0.0, -0.0, 1e-06, -1.0, 0.389286, -0.0, 1.0, 1e-06, -0.0, 0.0, 0.0, 0.0, 1.0],
                [1.0, 0.0, -0.0, 0.0, -0.0, 1e-06, -1.0, 0.429716, -0.0, 1.0, 1e-06, -0.0, 0.0, 0.0, 0.0, 1.0],
                [1.0, 0.0, -0.0, 0.0, -0.0, 1e-06, -1.0, 0.436302, 0.0, 1.0, 1e-06, -0.0, 0.0, 0.0, 0.0, 1.0],
                [1.0, 0.0, -0.0, -0.0, -0.0, 1e-06, -1.0, 0.438875, -0.0, 1.0, 1e-06, -0.0, 0.0, 0.0, 0.0, 1.0],
                [1.0, 0.0, -0.0, -0.0, -0.0, 1e-06, -1.0, 0.445029, -0.0, 1.0, 1e-06, -0.0, 0.0, 0.0, 0.0, 1.0],
                [1.0, 0.0, -0.0, -0.0, -0.0, 1e-06, -1.0, 0.45168, -0.0, 1.0, 1e-06, -0.0, 0.0, 0.0, 0.0, 1.0],
                [1.0, 0.0, -0.0, 0.0, -0.0, 1e-06, -1.0, 0.458675, -0.0, 1.0, 1e-06, -0.0, 0.0, 0.0, 0.0, 1.0],
                [1.0, 0.0, -0.0, -0.0, -0.0, 1e-06, -1.0, 0.462192, -0.0, 1.0, 0.0, -0.0, 0.0, 0.0, 0.0, 1.0],
                [1.0, 0.0, -0.0, -0.0, -0.0, 1e-06, -1.0, 0.462796, -0.0, 1.0, 1e-06, -0.0, 0.0, 0.0, 0.0, 1.0],
                [1.0, 0.0, -0.0, 0.0, -0.0, 1e-06, -1.0, 0.462796, -0.0, 1.0, 1e-06, -0.0, 0.0, 0.0, 0.0, 1.0],
                [1.0, 0.0, -0.0, 0.0, -0.0, 1e-06, -1.0, 0.463329, -0.0, 1.0, 1e-06, -0.0, 0.0, 0.0, 0.0, 1.0],
                [1.0, 0.0, -0.0, 0.0, -0.0, 1e-06, -1.0, 0.464362, -0.0, 1.0, 1e-06, -0.0, 0.0, 0.0, 0.0, 1.0],
                [1.0, 0.0, -0.0, 0.0, -0.0, 1e-06, -1.0, 0.4654, -0.0, 1.0, 1e-06, 0.0, 0.0, 0.0, 0.0, 1.0],
                [1.0, 0.0, -0.0, 0.0, -0.0, 1e-06, -1.0, 0.466079, 0.0, 1.0, 1e-06, -0.0, 0.0, 0.0, 0.0, 1.0],
                [1.0, 0.0, -0.0, 0.0, -0.0, 1e-06, -1.0, 0.466301, 0.0, 1.0, 0.0, -0.0, 0.0, 0.0, 0.0, 1.0],
                [1.0, 0.0, -0.0, 0.0, -0.0, 1e-06, -1.0, 0.466283, -0.0, 1.0, 0.0, -0.0, 0.0, 0.0, 0.0, 1.0],
                [1.0, 0.0, -0.0, 0.0, -0.0, 1e-06, -1.0, 0.46617, -0.0, 1.0, 1e-06, -0.0, 0.0, 0.0, 0.0, 1.0],
                [1.0, 0.0, -0.0, 0.0, -0.0, 1e-06, -1.0, 0.464448, -0.0, 1.0, 1e-06, -0.0, 0.0, 0.0, 0.0, 1.0],
                [1.0, 0.0, -0.0, 0.0, -0.0, 1e-06, -1.0, 0.463773, -0.0, 1.0, 1e-06, -0.0, 0.0, 0.0, 0.0, 1.0],
                [1.0, 0.0, -0.0, 0.0, -0.0, 1e-06, -1.0, 0.463218, -0.0, 1.0, 1e-06, -0.0, 0.0, 0.0, 0.0, 1.0],
                [1.0, 0.0, -0.0, 0.0, -0.0, 1e-06, -1.0, 0.462796, -0.0, 1.0, 1e-06, -0.0, 0.0, 0.0, 0.0, 1.0],
                [1.0, 0.0, -0.0, 0.0, -0.0, 1e-06, -1.0, 0.463552, -0.0, 1.0, 1e-06, -0.0, 0.0, 0.0, 0.0, 1.0],
                [1.0, 0.0, -0.0, 0.0, -0.0, 1e-06, -1.0, 0.464832, -0.0, 1.0, 1e-06, -0.0, 0.0, 0.0, 0.0, 1.0],
                [1.0, 0.0, -0.0, 0.0, -0.0, 1e-06, -1.0, 0.465697, -0.0, 1.0, 1e-06, -0.0, 0.0, 0.0, 0.0, 1.0],
                [1.0, 0.0, -0.0, 0.0, -0.0, 1e-06, -1.0, 0.466011, -0.0, 1.0, 1e-06, -0.0, 0.0, 0.0, 0.0, 1.0],
                [1.0, 0.0, -0.0, 0.0, -0.0, 1e-06, -1.0, 0.465697, -0.0, 1.0, 1e-06, -0.0, 0.0, 0.0, 0.0, 1.0],
                [1.0, 0.0, -0.0, 0.0, -0.0, 1e-06, -1.0, 0.464832, -0.0, 1.0, 1e-06, -0.0, 0.0, 0.0, 0.0, 1.0],
                [1.0, 0.0, -0.0, 0.0, -0.0, 1e-06, -1.0, 0.464627, -0.0, 1.0, 1e-06, -0.0, 0.0, 0.0, 0.0, 1.0],
                [1.0, 0.0, -0.0, 0.0, -0.0, 1e-06, -1.0, 0.464362, -0.0, 1.0, 1e-06, -0.0, 0.0, 0.0, 0.0, 1.0],
                [1.0, 0.0, -0.0, 0.0, -0.0, 1e-06, -1.0, 0.463329, -0.0, 1.0, 1e-06, -0.0, 0.0, 0.0, 0.0, 1.0],
                [1.0, 0.0, -0.0, -0.0, -0.0, 1e-06, -1.0, 0.462796, -0.0, 1.0, 1e-06, -0.0, 0.0, 0.0, 0.0, 1.0]
            ]
        },
        {
            "name": "Torso",
            "time": [0.0, 0.1, 0.2, 0.2833, 0.3, 0.3167, 0.3333, 0.3667, 0.4, 0.4333, 0.4667, 0.6, 0.6333, 0.65, 0.6833, 0.7, 0.7333, 0.75, 0.8, 0.85, 0.8667, 0.8833, 0.9, 0.9333, 0.95, 0.9833, 1.0, 1.0333, 1.05, 1.0833, 1.1333, 1.15, 1.2833],
            "transform": [
                [0.944587, 0.007827, 0.328167, 0.0, 0.012237, 0.998181, -0.059031, 0.05, -0.328032, 0.059776, 0.942774, 0.0, 0.0, 0.0, 0.0, 1.0],
                [0.944587, 0.007827, 0.328167, 0.0, 0.012237, 0.998181, -0.059031, 0.05, -0.328032, 0.059776, 0.942774, -0.0, 0.0, 0.0, 0.0, 1.0],
                [0.944587, 0.007827, 0.328167, -0.0, 0.012237, 0.998181, -0.059031, 0.05, -0.328032, 0.059776, 0.942774, 0.0, 0.0, 0.0, 0.0, 1.0],
                [0.945723, 0.035511, 0.323029, -0.0, -0.057318, 0.996656, 0.058242, 0.05, -0.31988, -0.073596, 0.944595, 0.0, 0.0, 0.0, 0.0, 1.0],
                [0.951234, 0.034956, 0.306485, -0.0, -0.054119, 0.99706, 0.054248, 0.05, -0.303687, -0.068189, 0.950328, 0.0, 0.0, 0.0, 0.0, 1.0],
                [0.952716, 0.034775, 0.301866, -0.0, -0.052957, 0.997229, 0.052256, 0.05, -0.299212, -0.065771, 0.951917, 0.0, 0.0, 0.0, 0.0, 1.0],
                [0.953105, 0.038742, 0.30015, 0.0, -0.055861, 0.997252, 0.048663, 0.05, -0.29744, -0.063147, 0.95265, -0.0, 0.0, 0.0, 0.0, 1.0],
                [0.95132, 0.062305, 0.301843, -0.0, -0.078902, 0.995951, 0.043095, 0.05, -0.297936, -0.064813, 0.952383, -0.0, 0.0, 0.0, 0.0, 1.0],
                [0.946795, 0.10396, 0.304583, -0.0, -0.119956, 0.992189, 0.03423, 0.05, -0.298646, -0.068945, 0.95187, 0.0, 0.0, 0.0, 0.0, 1.0],
                [0.942506, 0.133627, 0.306309, 0.0, -0.149161, 0.988423, 0.027766, 0.05, -0.299053, -0.071859, 0.951527, -0.0, 0.0, 0.0, 0.0, 1.0],
                [0.940295, 0.146883, 0.307036, -0.0, -0.162269, 0.986429, 0.02505, 0.05, -0.299189, -0.073376, 0.951368, -0.0, 0.0, 0.0, 0.0, 1.0],
                [0.940295, 0.146883, 0.307036, 0.0, -0.162269, 0.986429, 0.02505, 0.05, -0.299189, -0.073376, 0.951368, -0.0, 0.0, 0.0, 0.0, 1.0],
                [0.947488, 0.144382, 0.285343, -0.0, -0.164656, 0.98517, 0.048254, 0.05, -0.274145, -0.092704, 0.95721, -0.0, 0.0, 0.0, 0.0, 1.0],
                [0.96143, 0.14042, 0.236504, -0.0, -0.167779, 0.980766, 0.099738, 0.05, -0.21795, -0.135572, 0.966498, -0.0, 0.0, 0.0, 0.0, 1.0],
                [0.975561, 0.138554, 0.17054, 0.0, -0.167297, 0.971541, 0.167687, 0.05, -0.142453, -0.19212, 0.970977, 0.0, 0.0, 0.0, 0.0, 1.0],
                [0.985057, 0.140832, 0.099146, -0.0, -0.160977, 0.957515, 0.239275, 0.05, -0.061236, -0.251659, 0.965877, 0.0, 0.0, 0.0, 0.0, 1.0],
                [0.988572, 0.146557, 0.035308, -0.0, -0.150351, 0.941504, 0.301605, 0.05, 0.01096, -0.303467, 0.952779, 0.0, 0.0, 0.0, 0.0, 1.0],
                [0.988618, 0.150317, 0.006237, -0.0, -0.143958, 0.933129, 0.329465, 0.05, 0.043705, -0.326613, 0.944147, 0.0, 0.0, 0.0, 0.0, 1.0],
                [0.986402, 0.141968, 0.082799, 0.0, -0.158702, 0.953725, 0.255386, 0.05, -0.042711, -0.265053, 0.963287, 0.0, 0.0, 0.0, 0.0, 1.0],
                [0.962599, 0.14016, 0.231858, -0.0, -0.167919, 0.980238, 0.104582, 0.05, -0.212618, -0.139604, 0.967111, -0.0, 0.0, 0.0, 0.0, 1.0],
                [0.953474, 0.142513, 0.265664, -0.0, -0.166283, 0.983652, 0.069123, 0.05, -0.25147, -0.110083, 0.961584, 0.0, 0.0, 0.0, 0.0, 1.0],
                [0.945983, 0.144884, 0.290042, -0.0, -0.164193, 0.98548, 0.043246, 0.05, -0.279565, -0.088533, 0.956036, -0.0, 0.0, 0.0, 0.0, 1.0],
                [0.940295, 0.146883, 0.307036, 0.0, -0.162269, 0.986429, 0.02505, 0.05, -0.299189, -0.073376, 0.951368, -0.0, 0.0, 0.0, 0.0, 1.0],
                [0.952232, 0.142501, 0.270087, 0.0, -0.15957, 0.986284, 0.042213, 0.05, -0.260367, -0.083294, 0.96191, 0.0, 0.0, 0.0, 0.0, 1.0],
                [0.971631, 0.134886, 0.194267, 0.0, -0.152072, 0.985413, 0.076386, 0.05, -0.18113, -0.103762, 0.97797, -0.0, 0.0, 0.0, 0.0, 1.0],
                [0.984413, 0.129065, 0.119472, -0.0, -0.14219, 0.983847, 0.108754, 0.05, -0.103506, -0.124046, 0.986863, 0.0, 0.0, 0.0, 0.0, 1.0],
                [0.98887, 0.126546, 0.078241, -0.0, -0.135729, 0.982695, 0.12605, 0.05, -0.060936, -0.135267, 0.988934, -0.0, 0.0, 0.0, 0.0, 1.0],
                [0.984413, 0.129065, 0.119472, -0.0, -0.14219, 0.983847, 0.108754, 0.05, -0.103506, -0.124046, 0.986863, 0.0, 0.0, 0.0, 0.0, 1.0],
                [0.971631, 0.134886, 0.194267, 0.0, -0.152072, 0.985413, 0.076386, 0.05, -0.18113, -0.103762, 0.97797, -0.0, 0.0, 0.0, 0.0, 1.0],
                [0.966976, 0.138343, 0.214053, 0.0, -0.158733, 0.983984, 0.081119, 0.05, -0.199403, -0.112418, 0.973448, -0.0, 0.0, 0.0, 0.0, 1.0],
                [0.96143, 0.14042, 0.236504, -0.0, -0.167779, 0.980766, 0.099738, 0.05, -0.21795, -0.135572, 0.966498, -0.0, 0.0, 0.0, 0.0, 1.0],
                [0.947488, 0.144382, 0.285343, -0.0, -0.164656, 0.98517, 0.048254, 0.05, -0.274145, -0.092704, 0.95721, -0.0, 0.0, 0.0, 0.0, 1.0],
                [0.940295, 0.146883, 0.307036, -0.0, -0.162269, 0.986429, 0.02505, 0.05, -0.299189, -0.073376, 0.951368, -0.0, 0.0, 0.0, 0.0, 1.0]
            ]
        },
        {
            "name": "Chest",
            "time": [0.0, 0.1, 0.2, 0.2833, 0.3, 0.3167, 0.3333, 0.3667, 0.4, 0.4333, 0.4667, 0.6, 0.6333, 0.65, 0.6833, 0.7, 0.7333, 0.75, 0.8, 0.85, 0.8667, 0.8833, 0.9, 0.9333, 0.95, 0.9833, 1.0, 1.0333, 1.05, 1.0833, 1.1333, 1.15, 1.2833],
            "transform": [
