{
    "animation": [
        {
            "name": "Root",
            "time": [0.0, 0.2333, 0.25, 0.2667, 0.2833, 0.3, 0.3333, 0.45, 0.55, 0.65, 0.7333, 0.9167],
            "transform": [
                [0.962859, -0.011225, 0.26977, -0.058326, 0.268922, 0.129205, -0.954456, 0.162996, -0.024142, 0.991554, 0.127425, 0.752825, 0.0, 0.0, 0.0, 1.0],
                [0.87847, 0.016125, 0.477526, -0.058326, 0.476939, 0.030314, -0.878413, 0.262996, -0.02864, 0.99941, 0.01894, 0.690198, 0.0, 0.0, 0.0, 1.0],
                [0.928797, 0.016125, 0.370238, -0.058326, 0.369662, 0.030314, -0.928672, 0.262996, -0.026198, 0.99941, 0.022195, 0.690198, 0.0, 0.0, 0.0, 1.0],
                [0.987249, 0.016125, 0.158367, -0.058326, 0.157832, 0.030314, -0.987001, 0.262996, -0.020716, 0.99941, 0.027383, 0.690198, 0.0, 0.0, 0.0, 1.0],
                [0.997529, 0.016125, -0.068381, -0.058326, -0.068846, 0.030314, -0.997167, 0.262996, -0.014006, 0.99941, 0.031349, 0.690198, 0.0, 0.0, 0.0, 1.0],
                [0.983753, 0.016125, -0.178802, -0.058326, -0.179224, 0.030314, -0.983341, 0.262996, -0.010436, 0.99941, 0.032712, 0.690198, 0.0, 0.0, 0.0, 1.0],
                [0.983753, 0.016125, -0.178802, -0.058326, -0.179224, 0.030314, -0.983341, 0.262996, -0.010436, 0.99941, 0.032712, 0.675779, 0.0, 0.0, 0.0, 1.0],
                [0.983753, 0.016125, -0.178802, -0.058326, -0.179224, 0.030314, -0.983341, 0.262996, -0.010436, 0.99941, 0.032712, 0.680683, 0.0, 0.0, 0.0, 1.0],
                [0.983753, 0.016125, -0.178802, -0.058326, -0.179224, 0.030314, -0.983341, 0.262996, -0.010436, 0.99941, 0.032712, 0.530683, 0.0, 0.0, 0.0, 1.0],
                [0.999247, 0.012169, -0.036847, -0.058303, -0.037425, 0.051289, -0.997982, 0.282602, -0.010255, 0.99861, 0.051706, 0.57562, 0.0, 0.0, 0.0, 1.0],
                [0.988297, 0.002358, 0.152522, -0.058274, 0.151878, 0.07789, -0.985326, 0.308158, -0.014203, 0.996959, 0.07662, 0.634198, 0.0, 0.0, 0.0, 1.0],
                [0.917516, -0.018445, 0.39727, -0.058234, 0.396793, 0.109797, -0.911318, 0.342425, -0.02681, 0.993783, 0.108059, 0.712742, 0.0, 0.0, 0.0, 1.0]
            ]
        },
        {
            "name": "Thigh_R",
            "time": [0.0, 0.2333, 0.25, 0.2667, 0.2833, 0.3, 0.3333, 0.45, 0.55, 0.65, 0.7333, 0.9167],
            "transform": [
                [0.91794, 0.299873, 0.259728, 0.124994, 0.088632, -0.793162, 0.602525, -0.002831, 0.386691, -0.530061, -0.754656, -1.2e-05, 0.0, 0.0, 0.0, 1.0],
                [0.959112, 0.228611, 0.166854, 0.124994, 0.233095, -0.972425, -0.007507, -0.002831, 0.160537, 0.046097, -0.985952, -1.2e-05, 0.0, 0.0, 0.0, 1.0],
                [0.946404, 0.288383, 0.145432, 0.124994, 0.282621, -0.957395, 0.059323, -0.002831, 0.156344, -0.015039, -0.987587, -1.2e-05, 0.0, 0.0, 0.0, 1.0],
                [0.929506, 0.362584, 0.067432, 0.124994, 0.346287, -0.920952, 0.178702, -0.002831, 0.126896, -0.142751, -0.981589, -1.2e-05, 0.0, 0.0, 0.0, 1.0],
                [0.919197, 0.391659, -0.040945, 0.124994, 0.385923, -0.875245, 0.291564, -0.002831, 0.078357, -0.283804, -0.955674, -1.2e-05, 0.0, 0.0, 0.0, 1.0],
                [0.916081, 0.388457, -0.099464, 0.124994, 0.398107, -0.851367, 0.341593, -0.002831, 0.048014, -0.352521, -0.93457, -1.2e-05, 0.0, 0.0, 0.0, 1.0],
                [0.922276, 0.348913, -0.166322, 0.124994, 0.384555, -0.784815, 0.485988, -0.002831, 0.039037, -0.512171, -0.857993, -1.2e-05, 0.0, 0.0, 0.0, 1.0],
                [0.923569, 0.347044, -0.163028, 0.124994, 0.381633, -0.790855, 0.478441, -0.002831, 0.03711, -0.504087, -0.862853, -1.2e-05, 0.0, 0.0, 0.0, 1.0],
                [0.887892, 0.213663, -0.407424, 0.124994, 0.452219, -0.242608, 0.858278, -0.002831, 0.084539, -0.9463, -0.312032, -1.2e-05, 0.0, 0.0, 0.0, 1.0],
                [0.915401, 0.320704, -0.243285, 0.124994, 0.366181, -0.41241, 0.834164, -0.002831, 0.167188, -0.852679, -0.494958, -1.2e-05, 0.0, 0.0, 0.0, 1.0],
                [0.919628, 0.391672, -0.029566, 0.124994, 0.277457, -0.594476, 0.754728, -0.002831, 0.278031, -0.702271, -0.65537, -1.2e-05, 0.0, 0.0, 0.0, 1.0],
                [0.901275, 0.346434, 0.260161, 0.124994, 0.173488, -0.838834, 0.516001, -0.002831, 0.396994, -0.419923, -0.816124, -1.2e-05, 0.0, 0.0, 0.0, 1.0]
            ]
        },
        {
            "name": "Leg_R",
            "time": [0.0, 0.2333, 0.25, 0.2667, 0.2833, 0.3, 0.3333, 0.45, 0.55, 0.65, 0.7333, 0.9167],
            "transform": [
                [1.0, -0.0, 1e-06, -0.0, -0.0, 0.477866, 0.878435, 0.37472, -1e-06, -0.878432, 0.477865, 0.0, 0.0, 0.0, 0.0, 1.0],
                [1.0, -0.0, 1e-06, -0.0, -0.0, 0.585971, 0.810331, 0.37472, -1e-06, -0.810335, 0.585972, -0.0, 0.0, 0.0, 0.0, 1.0],
                [1.0, -0.0, 1e-06, 0.0, -0.0, 0.552871, 0.833267, 0.37472, -1e-06, -0.833269, 0.552871, -0.0, 0.0, 0.0, 0.0, 1.0],
                [1.0, -0.0, 1e-06, -0.0, -0.0, 0.499914, 0.866075, 0.37472, -1e-06, -0.866077, 0.499913, -0.0, 0.0, 0.0, 0.0, 1.0],
                [1.0, -0.0, 1e-06, 0.0, -0.0, 0.45909, 0.888391, 0.37472, -1e-06, -0.888391, 0.45909, -0.0, 0.0, 0.0, 0.0, 1.0],
                [1.0, -1e-06, 1e-06, -0.0, -0.0, 0.444904, 0.89558, 0.37472, -1e-06, -0.895579, 0.444903, 0.0, 0.0, 0.0, 0.0, 1.0],
                [1.0, -1e-06, 0.0, 0.0, -0.0, 0.312729, 0.949844, 0.37472, -1e-06, -0.949842, 0.312728, -0.0, 0.0, 0.0, 0.0, 1.0],
                [1.0, -1e-06, 0.0, -0.0, -0.0, 0.332338, 0.943162, 0.37472, -1e-06, -0.943161, 0.332337, 0.0, 0.0, 0.0, 0.0, 1.0],
                [1.0, -1e-06, 0.0, 0.0, -0.0, 0.306596, 0.951841, 0.37472, -1e-06, -0.951839, 0.306594, -0.0, 0.0, 0.0, 0.0, 1.0],
                [1.0, -1e-06, 1e-06, 0.0, -0.0, 0.409127, 0.91248, 0.37472, -1e-06, -0.912477, 0.409125, 0.0, 0.0, 0.0, 0.0, 1.0],
                [1.0, -0.0, 1e-06, 0.0, -0.0, 0.544742, 0.838606, 0.37472, -1e-06, -0.838603, 0.544741, -0.0, 0.0, 0.0, 0.0, 1.0],
                [1.0, -0.0, 1e-06, -0.0, -0.0, 0.842079, 0.539356, 0.37472, -1e-06, -0.539356, 0.842078, -0.0, 0.0, 0.0, 0.0, 1.0]
            ]
        },
        {
            "name": "Knee_R",
            "time": [0.0, 0.2333, 0.25, 0.2667, 0.2833, 0.3, 0.3333, 0.45, 0.55, 0.65, 0.7333, 0.9167],
            "transform": [
                [1.0, 0.0, -0.0, 0.0, -0.0, 1e-06, -1.0, 0.432386, -0.0, 1.0, 1e-06, 0.0, 0.0, 0.0, 0.0, 1.0],
                [1.0, 0.0, -0.0, -0.0, -0.0, 1e-06, -1.0, 0.418956, -0.0, 1.0, 1e-06, -0.0, 0.0, 0.0, 0.0, 1.0],
                [1.0, 0.0, -0.0, 0.0, -0.0, 1e-06, -1.0, 0.423186, -0.0, 1.0, 1e-06, -0.0, 0.0, 0.0, 0.0, 1.0],
                [1.0, 0.0, -0.0, -0.0, -0.0, 1e-06, -1.0, 0.429731, -0.0, 1.0, 1e-06, -0.0, 0.0, 0.0, 0.0, 1.0],
                [1.0, 0.0, -0.0, -0.0, -0.0, 1e-06, -1.0, 0.434618, -0.0, 1.0, 1e-06, -0.0, 0.0, 0.0, 0.0, 1.0],
                [1.0, 0.0, -0.0, 0.0, -0.0, 1e-06, -1.0, 0.436289, -0.0, 1.0, 1e-06, -0.0, 0.0, 0.0, 0.0, 1.0],
                [1.0, 0.0, -0.0, 0.0, -0.0, 1e-06, -1.0, 0.45131, -0.0, 1.0, 1e-06, -0.0, 0.0, 0.0, 0.0, 1.0],
                [1.0, 0.0, -0.0, -0.0, -0.0, 1e-06, -1.0, 0.449134, -0.0, 1.0, 1e-06, -0.0, 0.0, 0.0, 0.0, 1.0],
                [1.0, 0.0, -0.0, 0.0, -0.0, 1e-06, -1.0, 0.451988, -0.0, 1.0, 1e-06, -0.0, 0.0, 0.0, 0.0, 1.0],
                [1.0, -0.0, -0.0, 0.0, -0.0, 1e-06, -1.0, 0.440445, -0.0, 1.0, 1e-06, -0.0, 0.0, 0.0, 0.0, 1.0],
                [1.0, 0.0, -0.0, 0.0, -0.0, 1e-06, -1.0, 0.424207, -0.0, 1.0, 1e-06, 0.0, 0.0, 0.0, 0.0, 1.0],
                [1.0, 0.0, -0.0, 0.0, -0.0, 1e-06, -1.0, 0.37956, -0.0, 1.0, 1e-06, -0.0, 0.0, 0.0, 0.0, 1.0]
            ]
        },
        {
            "name": "Thigh_L",
            "time": [0.0, 0.2333, 0.25, 0.2667, 0.2833, 0.3, 0.3333, 0.45, 0.55, 0.65, 0.7333, 0.9167],
            "transform": [
                [0.962531, -0.032759, 0.269181, -0.125006, -0.062589, -0.99271, 0.103008, -0.002831, 0.263847, -0.115996, -0.957564, -1.2e-05, 0.0, 0.0, 0.0, 1.0],
                [0.94362, -0.322531, 0.074543, -0.125006, -0.307239, -0.937136, -0.16546, -0.002831, 0.123224, 0.133235, -0.983394, -1.2e-05, 0.0, 0.0, 0.0, 1.0],
                [0.959446, -0.278351, 0.044562, -0.125006, -0.269006, -0.951326, -0.150372, -0.002831, 0.084251, 0.132293, -0.987623, -1.2e-05, 0.0, 0.0, 0.0, 1.0],
                [0.983677, -0.179381, -0.014273, -0.125006, -0.179323, -0.97063, -0.160364, -0.002831, 0.014913, 0.160313, -0.986953, -1.2e-05, 0.0, 0.0, 0.0, 1.0],
                [0.995401, -0.065502, -0.069901, -0.125006, -0.076558, -0.982539, -0.169569, -0.002831, -0.057573, 0.174148, -0.983034, -1.2e-05, 0.0, 0.0, 0.0, 1.0],
                [0.995014, -0.012094, -0.098996, -0.125006, -0.0289, -0.984984, -0.170201, -0.002831, -0.095451, 0.172221, -0.980422, -1.2e-05, 0.0, 0.0, 0.0, 1.0],
                [0.99007, -0.042134, -0.134113, -0.125006, -0.065749, -0.982029, -0.176902, -0.002831, -0.124248, 0.183971, -0.975046, -1.2e-05, 0.0, 0.0, 0.0, 1.0],
                [0.986395, -0.051989, -0.155949, -0.125006, -0.080287, -0.980181, -0.181098, -0.002831, -0.143443, 0.191162, -0.97102, -1.2e-05, 0.0, 0.0, 0.0, 1.0],
                [0.974206, -0.12368, -0.188747, -0.125006, -0.148653, -0.981025, -0.124454, -0.002831, -0.169773, 0.14931, -0.974106, -1.2e-05, 0.0, 0.0, 0.0, 1.0],
                [0.837986, -0.401098, -0.370001, -0.125006, -0.363344, -0.916, 0.170066, -0.002831, -0.407134, -0.008067, -0.913332, -1.2e-05, 0.0, 0.0, 0.0, 1.0],
                [0.785513, -0.470981, -0.40143, -0.125006, -0.307037, -0.859817, 0.407971, -0.002831, -0.537302, -0.197206, -0.820006, -1.2e-05, 0.0, 0.0, 0.0, 1.0],
                [0.84262, -0.303321, -0.444959, -0.125006, -0.105139, -0.903045, 0.416479, -0.002831, -0.528143, -0.304147, -0.792814, -1.2e-05, 0.0, 0.0, 0.0, 1.0]
            ]
        },
        {
            "name": "Leg_L",
            "time": [0.0, 0.2333, 0.25, 0.2667, 0.2833, 0.3, 0.3333, 0.45, 0.55, 0.65, 0.7333, 0.9167],
            "transform": [
                [1.0, -0.0, 1e-06, -0.0, -0.0, 0.94105, 0.338266, 0.37472, -1e-06, -0.338267, 0.941052, -0.0, 0.0, 0.0, 0.0, 1.0],
                [1.0, -0.0, 1e-06, 0.0, -0.0, 0.801165, 0.598441, 0.37472, -1e-06, -0.598444, 0.801169, -0.0, 0.0, 0.0, 0.0, 1.0],
                [1.0, -0.0, 1e-06, 0.0, -0.0, 0.727349, 0.686266, 0.37472, -1e-06, -0.686269, 0.727353, 0.0, 0.0, 0.0, 0.0, 1.0],
                [1.0, -0.0, 1e-06, 0.0, -0.0, 0.654668, 0.755915, 0.37472, -1e-06, -0.755918, 0.654672, 0.0, 0.0, 0.0, 0.0, 1.0],
                [1.0, -0.0, 1e-06, 0.0, -0.0, 0.599913, 0.800064, 0.37472, -1e-06, -0.800067, 0.599917, -0.0, 0.0, 0.0, 0.0, 1.0],
                [1.0, -0.0, 1e-06, -0.0, -0.0, 0.577015, 0.816732, 0.37472, -1e-06, -0.816736, 0.577018, -0.0, 0.0, 0.0, 0.0, 1.0],
                [1.0, -0.0, 1e-06, 0.0, -0.0, 0.552241, 0.833683, 0.37472, -1e-06, -0.833687, 0.552245, -0.0, 0.0, 0.0, 0.0, 1.0],
                [1.0, -0.0, 1e-06, 0.0, -0.0, 0.569861, 0.82174, 0.37472, -1e-06, -0.821744, 0.569864, 0.0, 0.0, 0.0, 0.0, 1.0],
                [1.0, -1e-06, 0.0, 0.0, -0.0, 0.221083, 0.975253, 0.37472, -1e-06, -0.975259, 0.221085, 0.0, 0.0, 0.0, 0.0, 1.0],
                [1.0, -1e-06, 1e-06, -0.0, -0.0, 0.302181, 0.95325, 0.37472, -1e-06, -0.953253, 0.302183, 0.0, 0.0, 0.0, 0.0, 1.0],
                [1.0, -0.0, 0.0, 0.0, -0.0, 0.438296, 0.89883, 0.37472, -1e-06, -0.898832, 0.438298, -0.0, 0.0, 0.0, 0.0, 1.0],
                [1.0, -0.0, 1e-06, 0.0, -0.0, 0.836686, 0.547682, 0.37472, -1e-06, -0.547683, 0.836687, -0.0, 0.0, 0.0, 0.0, 1.0]
            ]
        },
        {
            "name": "Knee_L",
            "time": [0.0, 0.2333, 0.25, 0.2667, 0.2833, 0.3, 0.3333, 0.45, 0.55, 0.65, 0.7333, 0.9167],
            "transform": [
                [1.0, 0.0, -0.0, -0.0, -0.0, 1e-06, -1.0, 0.37472, -0.0, 1.0, 1e-06, 0.0, 0.0, 0.0, 0.0, 1.0],
                [1.0, 0.0, -0.0, 0.0, -0.0, 1e-06, -1.0, 0.387111, -0.0, 1.0, 1e-06, -0.0, 0.0, 0.0, 0.0, 1.0],
                [1.0, 0.0, -0.0, -0.0, -0.0, 1e-06, -1.0, 0.399168, -0.0, 1.0, 1e-06, -0.0, 0.0, 0.0, 0.0, 1.0],
                [1.0, 0.0, -0.0, 0.0, -0.0, 1e-06, -1.0, 0.409747, -0.0, 1.0, 1e-06, -0.0, 0.0, 0.0, 0.0, 1.0],
                [1.0, 0.0, -0.0, 0.0, -0.0, 1e-06, -1.0, 0.417137, -0.0, 1.0, 1e-06, -0.0, 0.0, 0.0, 0.0, 1.0],
                [1.0, 0.0, -0.0, -0.0, -0.0, 1e-06, -1.0, 0.420112, -0.0, 1.0, 1e-06, 0.0, 0.0, 0.0, 0.0, 1.0],
                [1.0, 0.0, -0.0, 0.0, -0.0, 1e-06, -1.0, 0.423265, -0.0, 1.0, 1e-06, -0.0, 0.0, 0.0, 0.0, 1.0],
                [1.0, 0.0, -0.0, 0.0, -0.0, 1e-06, -1.0, 0.421029, -0.0, 1.0, 1e-06, -0.0, 0.0, 0.0, 0.0, 1.0],
                [1.0, 0.0, -0.0, 0.0, -0.0, 1e-06, -1.0, 0.461303, -0.0, 1.0, 1e-06, -0.0, 0.0, 0.0, 0.0, 1.0],
                [1.0, 0.0, -0.0, 0.0, -0.0, 1e-06, -1.0, 0.452474, -0.0, 1.0, 1e-06, -0.0, 0.0, 0.0, 0.0, 1.0],
                [1.0, 0.0, -0.0, 0.0, -0.0, 1e-06, -1.0, 0.437062, -0.0, 1.0, 1e-06, 0.0, 0.0, 0.0, 0.0, 1.0],
                [1.0, -0.0, -0.0, 0.0, -0.0, 1e-06, -1.0, 0.380602, 0.0, 1.0, 1e-06, -0.0, 0.0, 0.0, 0.0, 1.0]
            ]
        },
        {
            "name": "Torso",
            "time": [0.0, 0.2333, 0.25, 0.2667, 0.2833, 0.3, 0.3333, 0.45, 0.55, 0.65, 0.7333, 0.9167],
            "transform": [
                [1.0, 0.0, -0.0, 0.0, 0.0, 1.0, -0.0, 0.05, -0.0, 0.0, 1.0, 0.0, 0.0, 0.0, 0.0, 1.0],
                [1.0, 0.0, -0.0, 0.0, -0.0, 0.880129, 0.474735, 0.05, 0.0, -0.474735, 0.880129, -0.0, 0.0, 0.0, 0.0, 1.0],
                [0.998517, -0.017211, 0.051654, 0.0, -0.009276, 0.881078, 0.472881, 0.05, -0.05365, -0.472659, 0.879611, 0.0, 0.0, 0.0, 0.0, 1.0],
                [0.988109, -0.048257, 0.145984, 0.0, -0.025837, 0.883851, 0.467055, 0.05, -0.151566, -0.465273, 0.872095, -0.0, 0.0, 0.0, 0.0, 1.0],
                [0.967063, -0.079255, 0.241885, 0.0, -0.042114, 0.887372, 0.459127, 0.05, -0.251031, -0.454191, 0.854806, -0.0, 0.0, 0.0, 0.0, 1.0],
                [0.952844, -0.094098, 0.288503, -0.0, -0.049804, 0.889329, 0.454549, 0.05, -0.299346, -0.447482, 0.842705, -0.0, 0.0, 0.0, 0.0, 1.0],
                [0.952844, -0.094098, 0.288503, 0.0, -0.049804, 0.889329, 0.454549, 0.05, -0.299346, -0.447482, 0.842705, -0.0, 0.0, 0.0, 0.0, 1.0],
                [0.952844, -0.094098, 0.288503, -0.0, -0.049804, 0.889329, 0.454549, 0.05, -0.299346, -0.447482, 0.842705, -0.0, 0.0, 0.0, 0.0, 1.0],
                [0.952844, -0.094098, 0.288503, 0.0, -0.049804, 0.889329, 0.454549, 0.05, -0.299346, -0.447482, 0.842705, -0.0, 0.0, 0.0, 0.0, 1.0],
                [0.975432, -0.056637, 0.212894, -0.0, -0.02321, 0.934589, 0.354973, 0.05, -0.219072, -0.351193, 0.910314, 0.0, 0.0, 0.0, 0.0, 1.0],
                [0.994241, -0.020542, 0.105176, 0.0, -0.002481, 0.976781, 0.214227, 0.05, -0.107135, -0.213254, 0.971105, -0.0, 0.0, 0.0, 0.0, 1.0],
                [0.998919, 0.002107, -0.046426, 0.0, -0.001274, 0.999838, 0.017958, 0.05, 0.046457, -0.01788, 0.99876, 0.0, 0.0, 0.0, 0.0, 1.0]
            ]
        },
        {
            "name": "Chest",
            "time": [0.0, 0.2333, 0.25, 0.2667, 0.2833, 0.3, 0.3333, 0.45, 0.55, 0.65, 0.7333, 0.9167],
            "transform": [
                [0.939083, 0.0, 0.34369, 0.0, 0.0, 1.0, -0.0, 0.3, -0.34369, 0.0, 0.939083, -0.0, 0.0, 0.0, 0.0, 1.0],
                [0.939083, 0.0, 0.34369, 0.0, 0.0, 1.0, -0.0, 0.3, -0.34369, -0.0, 0.939083, -0.0, 0.0, 0.0, 0.0, 1.0],
                [0.990834, -0.0, 0.135088, -0.0, -0.0, 1.0, 0.0, 0.3, -0.135088, 0.0, 0.990834, -0.0, 0.0, 0.0, 0.0, 1.0],
                [0.960821, 0.0, -0.277168, -0.0, 0.0, 1.0, -0.0, 0.3, 0.277168, -0.0, 0.960821, 0.0, 0.0, 0.0, 0.0, 1.0],
                [0.779081, 0.0, -0.626923, -0.0, 0.0, 1.0, 0.0, 0.3, 0.626923, -0.0, 0.779081, 0.0, 0.0, 0.0, 0.0, 1.0],
                [0.611742, 0.0, -0.791057, 0.0, 0.0, 1.0, 0.0, 0.3, 0.791057, -0.0, 0.611743, -0.0, 0.0, 0.0, 0.0, 1.0],
                [0.539072, 0.0, -0.842259, 0.0, 0.0, 1.0, 0.0, 0.3, 0.842259, -0.0, 0.539072, -0.0, 0.0, 0.0, 0.0, 1.0],
                [0.524354, 0.0, -0.8515, 0.0, 0.0, 1.0, 0.0, 0.3, 0.8515, -0.0, 0.524354, -0.0, 0.0, 0.0, 0.0, 1.0],
                [0.524354, 0.0, -0.8515, 0.0, 0.0, 1.0, 0.0, 0.3, 0.8515, -0.0, 0.524354, -0.0, 0.0, 0.0, 0.0, 1.0],
                [0.777294, -0.001311, -0.629137, 0.0, 0.009057, 0.999918, 0.009107, 0.3, 0.629073, -0.012777, 0.777241, 0.0, 0.0, 0.0, 0.0, 1.0],
                [0.97857, -0.010011, -0.205669, -0.0, 0.015635, 0.999546, 0.025735, 0.3, 0.205318, -0.028399, 0.978283, 0.0, 0.0, 0.0, 0.0, 1.0],
                [0.919135, -0.029917, 0.392805, -0.0, 0.011843, 0.99876, 0.048355, 0.3, -0.393764, -0.039793, 0.91835, 0.0, 0.0, 0.0, 0.0, 1.0]
            ]
        },
        {
            "name": "Head",
            "time": [0.0, 0.2333, 0.25, 0.2667, 0.2833, 0.3, 0.3333, 0.45, 0.55, 0.65, 0.7333, 0.9167],
            "transform": [
                [0.822519, -0.003516, -0.568726, -0.0, -0.019484, 0.99922, -0.034357, 0.4, 0.568404, 0.03934, 0.821809, -0.0, 0.0, 0.0, 0.0, 1.0],
                [0.822519, -0.003516, -0.568727, 0.0, -0.019484, 0.99922, -0.034357, 0.4, 0.568404, 0.03934, 0.821809, -0.0, 0.0, 0.0, 0.0, 1.0],
                [0.894531, -0.003516, -0.446993, 0.0, -0.014442, 0.99922, -0.036762, 0.4, 0.446774, 0.03934, 0.893782, -0.0, 0.0, 0.0, 0.0, 1.0],
                [0.98033, -0.003516, -0.197334, 0.0, -0.004319, 0.99922, -0.03926, 0.4, 0.197318, 0.03934, 0.97955, -0.0, 0.0, 0.0, 0.0, 1.0],
                [0.997198, -0.003516, 0.074728, 0.0, 0.006444, 0.99922, -0.038968, 0.4, -0.074532, 0.03934, 0.996442, -0.0, 0.0, 0.0, 0.0, 1.0],
                [0.978505, -0.003516, 0.206192, -0.0, 0.01155, 0.99922, -0.03777, 0.4, -0.205898, 0.03934, 0.977782, 0.0, 0.0, 0.0, 0.0, 1.0],
                [0.978505, -0.003516, 0.206192, 0.0, 0.01155, 0.99922, -0.03777, 0.4, -0.205898, 0.03934, 0.977782, -0.0, 0.0, 0.0, 0.0, 1.0],
                [0.978505, -0.003516, 0.206192, 0.0, 0.01155, 0.99922, -0.03777, 0.4, -0.205898, 0.03934, 0.977782, 0.0, 0.0, 0.0, 0.0, 1.0],
                [0.978505, -0.003516, 0.206192, 0.0, 0.01155, 0.99922, -0.03777, 0.4, -0.205898, 0.03934, 0.977782, 0.0, 0.0, 0.0, 0.0, 1.0],
                [0.999993, -0.003516, 0.001305, -0.0, 0.003565, 0.99922, -0.039336, 0.4, -0.001166, 0.03934, 0.999225, 0.0, 0.0, 0.0, 0.0, 1.0],
                [0.96262, -0.003516, -0.270834, 0.0, -0.007272, 0.99922, -0.038822, 0.4, 0.270759, 0.03934, 0.961843, -0.0, 0.0, 0.0, 0.0, 1.0],
                [0.80283, -0.003516, -0.596198, -0.0, -0.020634, 0.99922, -0.033679, 0.4, 0.595851, 0.03934, 0.802131, -0.0, 0.0, 0.0, 0.0, 1.0]
            ]
        },
        {
            "name": "Shoulder_R",
            "time": [0.0, 0.2333, 0.25, 0.2667, 0.2833, 0.3, 0.3333, 0.45, 0.55, 0.65, 0.7333, 0.9167],
            "transform": [
                [0.066118, 0.971228, 0.228789, -0.0, -0.017325, -0.228139, 0.973474, 0.4, 0.997661, -0.068328, 0.001742, -0.0, 0.0, 0.0, 0.0, 1.0],
                [0.066118, 0.971228, 0.228789, 0.0, -0.017325, -0.228139, 0.973474, 0.4, 0.997661, -0.068328, 0.001742, -0.0, 0.0, 0.0, 0.0, 1.0],
                [0.020173, 0.969635, 0.243724, 0.0, 0.011961, -0.24399, 0.969704, 0.4, 0.999725, -0.016646, -0.01652, -0.0, 0.0, 0.0, 0.0, 1.0],
                [-0.062923, 0.959937, 0.273059, 0.0, 0.06745, -0.268885, 0.960808, 0.4, 0.995736, 0.078875, -0.047829, -0.0, 0.0, 0.0, 0.0, 1.0],
                [-0.14633, 0.940815, 0.305702, 0.0, 0.126622, -0.288673, 0.949018, 0.4, 0.981098, 0.177578, -0.076886, -0.0, 0.0, 0.0, 0.0, 1.0],
                [-0.186449, 0.927974, 0.322646, -0.0, 0.156432, -0.296174, 0.942237, 0.4, 0.969931, 0.226151, -0.089944, 0.0, 0.0, 0.0, 0.0, 1.0],
                [-0.186449, 0.927974, 0.322646, 0.0, 0.156433, -0.296174, 0.942237, 0.4, 0.969931, 0.226151, -0.089944, -0.0, 0.0, 0.0, 0.0, 1.0],
                [-0.186449, 0.927974, 0.322646, 0.0, 0.156433, -0.296174, 0.942237, 0.4, 0.969931, 0.226151, -0.089944, 0.0, 0.0, 0.0, 0.0, 1.0],
                [-0.186449, 0.927974, 0.322646, 0.0, 0.156433, -0.296174, 0.942237, 0.4, 0.969931, 0.226151, -0.089944, 0.0, 0.0, 0.0, 0.0, 1.0],
                [-0.132094, 0.944605, 0.300453, -0.0, 0.116734, -0.286175, 0.95104, 0.4, 0.98434, 0.1607, -0.072466, 0.0, 0.0, 0.0, 0.0, 1.0],
                [-0.058902, 0.960259, 0.272823, 0.0, 0.065702, -0.268976, 0.960903, 0.4, 0.996099, 0.074524, -0.047247, -0.0, 0.0, 0.0, 0.0, 1.0],
                [0.041831, 0.970197, 0.238677, -0.0, -0.000363, -0.238871, 0.971051, 0.4, 0.999125, -0.040707, -0.00964, -0.0, 0.0, 0.0, 0.0, 1.0]
            ]
        },
        {
            "name": "Arm_R",
            "time": [0.0, 0.2333, 0.25, 0.2667, 0.2833, 0.3, 0.3333, 0.45, 0.55, 0.65, 0.7333, 0.9167],
            "transform": [
                [0.103006, 0.164452, -0.980992, 0.0, 0.908447, 0.386115, 0.160117, 0.393861, 0.405108, -0.907672, -0.109623, -0.0, 0.0, 0.0, 0.0, 1.0],
                [0.012319, -0.961587, -0.274222, -0.0, 0.014913, 0.274389, -0.961503, 0.39386, 0.999813, 0.007755, 0.01772, 0.0, 0.0, 0.0, 0.0, 1.0],
                [-0.239513, -0.336819, -0.910596, 0.0, 0.365208, 0.837757, -0.405937, 0.39386, 0.899587, -0.429785, -0.077645, 0.0, 0.0, 0.0, 0.0, 1.0],
                [-0.268019, -0.185136, -0.945457, 0.0, 0.465312, 0.834433, -0.295304, 0.39386, 0.843593, -0.51908, -0.137498, -0.0, 0.0, 0.0, 0.0, 1.0],
                [-0.368194, -0.311632, -0.875966, -0.0, 0.436299, 0.774064, -0.458769, 0.393861, 0.821021, -0.551099, -0.149041, -0.0, 0.0, 0.0, 0.0, 1.0],
                [-0.330726, -0.33957, -0.880517, -0.0, 0.311755, 0.841331, -0.441554, 0.393861, 0.890746, -0.42054, -0.172387, -0.0, 0.0, 0.0, 0.0, 1.0],
                [-0.374368, -0.438148, -0.817235, -0.0, 0.269242, 0.791995, -0.547953, 0.393861, 0.887331, -0.425169, -0.17853, 0.0, 0.0, 0.0, 0.0, 1.0],
                [-0.380687, -0.471854, -0.795256, -0.0, 0.260402, 0.770504, -0.58182, 0.39386, 0.887282, -0.428578, -0.17045, -0.0, 0.0, 0.0, 0.0, 1.0],
                [-0.380687, -0.471854, -0.795255, -0.0, 0.260402, 0.770503, -0.581821, 0.39386, 0.887281, -0.428578, -0.17045, -0.0, 0.0, 0.0, 0.0, 1.0],
                [-0.47742, -0.153313, -0.865196, -0.0, 0.517501, 0.746706, -0.417878, 0.39386, 0.710114, -0.647243, -0.277153, 0.0, 0.0, 0.0, 0.0, 1.0],
                [-0.223654, 0.25, -0.94206, 0.0, 0.828062, 0.558544, -0.048366, 0.39386, 0.514092, -0.790902, -0.331937, 0.0, 0.0, 0.0, 0.0, 1.0],
                [-0.120642, 0.179522, -0.976329, -0.0, 0.914113, 0.403604, -0.03874, 0.393861, 0.387096, -0.897148, -0.212794, -0.0, 0.0, 0.0, 0.0, 1.0]
            ]
        },
        {
            "name": "Hand_R",
            "time": [0.0, 0.2333, 0.25, 0.2667, 0.2833, 0.3, 0.3333, 0.45, 0.55, 0.65, 0.7333, 0.9167],
            "transform": [
                [1.0, 0.0, 0.0, -0.0, 0.0, 0.911087, -0.412216, 0.3, -0.0, 0.412216, 0.911086, -0.0, 0.0, 0.0, 0.0, 1.0],
                [1.0, 0.0, 0.0, -0.0, -0.0, 0.815671, -0.578516, 0.3, 0.0, 0.578516, 0.815671, 0.0, 0.0, 0.0, 0.0, 1.0],
                [1.0, 0.0, -0.0, 0.0, -0.0, -0.206173, -0.978516, 0.3, -0.0, 0.978516, -0.206173, -0.0, 0.0, 0.0, 0.0, 1.0],
                [1.0, 0.0, -0.0, 0.0, 0.0, 0.411351, -0.911478, 0.3, -0.0, 0.911477, 0.411351, 0.0, 0.0, 0.0, 0.0, 1.0],
                [1.0, 0.0, 0.0, 0.0, 0.0, 0.334977, -0.942226, 0.3, -0.0, 0.942226, 0.334977, -0.0, 0.0, 0.0, 0.0, 1.0],
                [1.0, -0.0, 0.0, 0.0, -0.0, 0.410747, -0.911749, 0.3, -0.0, 0.91175, 0.410747, -0.0, 0.0, 0.0, 0.0, 1.0],
                [1.0, 0.0, 0.0, -0.0, -0.0, 0.725568, -0.68815, 0.3, -0.0, 0.688151, 0.725568, -0.0, 0.0, 0.0, 0.0, 1.0],
                [1.0, -0.0, 0.0, 0.0, -0.0, 0.785504, -0.618856, 0.3, -0.0, 0.618856, 0.785505, -0.0, 0.0, 0.0, 0.0, 1.0],
                [1.0, -0.0, 0.0, -0.0, -0.0, 0.785505, -0.618855, 0.3, 0.0, 0.618855, 0.785505, 0.0, 0.0, 0.0, 0.0, 1.0],
                [1.0, 0.0, -0.0, 0.0, -0.0, 0.601165, -0.799126, 0.3, -0.0, 0.799125, 0.601164, -0.0, 0.0, 0.0, 0.0, 1.0],
                [1.0, 0.0, -0.0, 0.0, 0.0, 0.409869, -0.912145, 0.3, -0.0, 0.912145, 0.409869, 0.0, 0.0, 0.0, 0.0, 1.0],
                [1.0, -0.0, -0.0, -0.0, -0.0, 0.725245, -0.688491, 0.3, -0.0, 0.688491, 0.725245, 0.0, 0.0, 0.0, 0.0, 1.0]
            ]
        },
        {
            "name": "Tool_R",
            "time": [0.0, 0.2333, 0.25, 0.2667, 0.2833, 0.3, 0.3333, 0.45, 0.55, 0.65, 0.7333, 0.9167],
            "transform": [
                [0.0, 0.0, 0.0, -0.0, 0.0, 0.0, 0.0, 0.272858, 0.0, 0.0, 0.0, 0.0, 0.0, 0.0, 0.0, 1.0],
                [0.0, 0.0, 0.0, 0.0, 0.0, 0.0, 0.0, 0.272858, 0.0, 0.0, 0.0, 0.0, 0.0, 0.0, 0.0, 1.0],
                [0.0, 0.0, 0.0, -0.0, 0.0, 0.0, 0.0, 0.272858, 0.0, 0.0, 0.0, 0.0, 0.0, 0.0, 0.0, 1.0],
                [0.0, 0.0, 0.0, 0.0, 0.0, 0.0, 0.0, 0.272858, 0.0, 0.0, 0.0, -0.0, 0.0, 0.0, 0.0, 1.0],
                [0.0, 0.0, 0.0, 0.0, 0.0, 0.0, 0.0, 0.272858, 0.0, 0.0, 0.0, -0.0, 0.0, 0.0, 0.0, 1.0],
                [0.0, 0.0, 0.0, 0.0, 0.0, 0.0, 0.0, 0.272858, 0.0, 0.0, 0.0, -0.0, 0.0, 0.0, 0.0, 1.0],
                [0.0, 0.0, 0.0, -0.0, 0.0, 0.0, 0.0, 0.272858, 0.0, 0.0, 0.0, 0.0, 0.0, 0.0, 0.0, 1.0],
                [0.0, 0.0, 0.0, 0.0, 0.0, 0.0, 0.0, 0.272858, 0.0, 0.0, 0.0, -0.0, 0.0, 0.0, 0.0, 1.0],
                [0.0, 0.0, 0.0, 0.0, 0.0, 0.0, 0.0, 0.272858, 0.0, 0.0, 0.0, -0.0, 0.0, 0.0, 0.0, 1.0],
                [0.0, 0.0, 0.0, -0.0, 0.0, 0.0, 0.0, 0.272858, 0.0, 0.0, 0.0, 0.0, 0.0, 0.0, 0.0, 1.0],
                [0.0, 0.0, 0.0, 0.0, 0.0, 0.0, 0.0, 0.272858, 0.0, 0.0, 0.0, -0.0, 0.0, 0.0, 0.0, 1.0],
                [0.0, 0.0, 0.0, -0.0, 0.0, 0.0, 0.0, 0.272858, 0.0, 0.0, 0.0, 0.0, 0.0, 0.0, 0.0, 1.0]
            ]
        },
        {
            "name": "Elbow_R",
            "time": [0.0, 0.2333, 0.25, 0.2667, 0.2833, 0.3, 0.3333, 0.45, 0.55, 0.65, 0.7333, 0.9167],
            "transform": [
                [-1.0, 0.0, -0.0, 0.0, 0.0, 0.0, -1.0, 0.35014, -0.0, -1.0, 0.0, 0.0, 0.0, 0.0, 0.0, 1.0],
                [-1.0, 0.0, -0.0, -0.0, 0.0, 0.0, -1.0, 0.368135, -0.0, -1.0, 0.0, 0.0, 0.0, 0.0, 0.0, 1.0],
                [-1.0, 0.0, 0.0, -0.0, 0.0, -0.0, -1.0, 0.4472, -0.0, -1.0, 0.0, 0.0, 0.0, 0.0, 0.0, 1.0],
                [-1.0, 0.0, 0.0, 0.0, -0.0, 0.0, -1.0, 0.417797, -0.0, -1.0, -0.0, 0.0, 0.0, 0.0, 0.0, 1.0],
                [-1.0, 0.0, 0.0, -0.0, 0.0, 0.0, -1.0, 0.425515, -0.0, -1.0, 0.0, -0.0, 0.0, 0.0, 0.0, 1.0],
                [-1.0, 0.0, -0.0, -0.0, 0.0, 0.0, -1.0, 0.417859, -0.0, -1.0, -0.0, -0.0, 0.0, 0.0, 0.0, 1.0],
                [-1.0, 0.0, -0.0, -0.0, 0.0, 0.0, -1.0, 0.381444, -0.0, -1.0, -0.0, -0.0, 0.0, 0.0, 0.0, 1.0],
                [-1.0, 0.0, 0.0, -0.0, -0.0, -0.0, -1.0, 0.372856, -0.0, -1.0, 0.0, 0.0, 0.0, 0.0, 0.0, 1.0],
                [-1.0, 0.0, -0.0, -0.0, 0.0, -0.0, -1.0, 0.372856, -0.0, -1.0, 0.0, 0.0, 0.0, 0.0, 0.0, 1.0],
                [-1.0, 0.0, -0.0, -0.0, 0.0, -0.0, -1.0, 0.397085, -0.0, -1.0, 0.0, 0.0, 0.0, 0.0, 0.0, 1.0],
                [-1.0, 0.0, -0.0, 0.0, 0.0, 0.0, -1.0, 0.417949, -0.0, -1.0, -0.0, 0.0, 0.0, 0.0, 0.0, 1.0],
                [-1.0, 0.0, -0.0, -0.0, 0.0, -0.0, -1.0, 0.381489, -0.0, -1.0, 0.0, -0.0, 0.0, 0.0, 0.0, 1.0]
            ]
        },
        {
            "name": "Shoulder_L",
            "time": [0.0, 0.2333, 0.25, 0.2667, 0.2833, 0.3, 0.3333, 0.45, 0.55, 0.65, 0.7333, 0.9167],
            "transform": [
                [0.129877, -0.96538, -0.226214, -0.0, -0.1509, -0.244733, 0.957776, 0.4, -0.97998, -0.090257, -0.177461, -0.0, 0.0, 0.0, 0.0, 1.0],
                [0.013262, -0.956464, -0.29155, 0.0, -0.181607, -0.28903, 0.939937, 0.4, -0.983282, 0.040482, -0.177533, -0.0, 0.0, 0.0, 0.0, 1.0],
                [0.120441, -0.945928, -0.301189, 0.0, -0.124967, -0.315431, 0.940684, 0.4, -0.984823, -0.075658, -0.1562, -0.0, 0.0, 0.0, 0.0, 1.0],
                [0.312643, -0.896906, -0.312751, 0.0, -0.015956, -0.334169, 0.942378, 0.4, -0.949737, -0.289638, -0.118786, -0.0, 0.0, 0.0, 0.0, 1.0],
                [0.493476, -0.805012, -0.329298, 0.0, 0.096794, -0.325426, 0.9406, 0.4, -0.864356, -0.496038, -0.08267, -0.0, 0.0, 0.0, 0.0, 1.0],
                [0.574437, -0.744983, -0.33915, -0.0, 0.150754, -0.310956, 0.938392, 0.4, -0.804547, -0.590175, -0.066315, 0.0, 0.0, 0.0, 0.0, 1.0],
                [0.579401, -0.748253, -0.323128, 0.0, 0.141984, -0.29773, 0.944032, 0.4, -0.80258, -0.592853, -0.066265, -0.0, 0.0, 0.0, 0.0, 1.0],
                [0.633838, -0.681978, -0.364904, 0.0, 0.234688, -0.279963, 0.930883, 0.4, -0.737001, -0.675667, -0.017399, 0.0, 0.0, 0.0, 0.0, 1.0],
                [0.633838, -0.681978, -0.364904, 0.0, 0.234688, -0.279963, 0.930883, 0.4, -0.737001, -0.675667, -0.017399, 0.0, 0.0, 0.0, 0.0, 1.0],
                [0.408577, -0.86523, -0.290589, -0.0, -0.150696, -0.377954, 0.913478, 0.4, -0.900198, -0.329435, -0.28481, 0.0, 0.0, 0.0, 0.0, 1.0],
                [0.186309, -0.944423, -0.270839, 0.0, -0.438366, -0.326612, 0.837353, 0.4, -0.879275, -0.03728, -0.474854, -0.0, 0.0, 0.0, 0.0, 1.0],
                [0.086235, -0.969851, -0.227931, -0.0, -0.092362, -0.235581, 0.967456, 0.4, -0.991984, -0.062377, -0.109893, -0.0, 0.0, 0.0, 0.0, 1.0]
            ]
        },
        {
            "name": "Arm_L",
            "time": [0.0, 0.2333, 0.25, 0.2667, 0.2833, 0.3, 0.3333, 0.45, 0.55, 0.65, 0.7333, 0.9167],
            "transform": [
                [0.014251, -0.026779, 0.99954, 0.0, -0.92468, 0.380027, 0.023365, 0.39386, -0.380479, -0.924587, -0.019346, -0.0, 0.0, 0.0, 0.0, 1.0],
                [0.317109, -0.562602, 0.763492, -0.0, -0.338316, 0.684969, 0.645258, 0.39386, -0.885993, -0.462919, 0.026873, 0.0, 0.0, 0.0, 0.0, 1.0],
                [0.349339, 0.29734, 0.888567, -0.0, 0.28652, 0.868992, -0.403434, 0.39386, -0.892114, 0.395528, 0.218379, -0.0, 0.0, 0.0, 0.0, 1.0],
                [0.451351, 0.673044, 0.585913, -0.0, 0.387823, 0.44339, -0.808083, 0.39386, -0.803664, 0.59196, -0.060897, 0.0, 0.0, 0.0, 0.0, 1.0],
                [0.341089, 0.180017, 0.922633, -0.0, 0.521202, 0.780597, -0.344988, 0.39386, -0.782308, 0.59855, 0.172428, -0.0, 0.0, 0.0, 0.0, 1.0],
                [0.064587, 0.564375, 0.822988, -0.0, 0.325431, 0.767712, -0.552008, 0.39386, -0.943357, 0.303479, -0.13408, 0.0, 0.0, 0.0, 0.0, 1.0],
                [-0.175347, 0.501301, 0.847319, 0.0, 0.682891, 0.681881, -0.262102, 0.39386, -0.709163, 0.532669, -0.461899, -0.0, 0.0, 0.0, 0.0, 1.0],
                [-0.378541, 0.809471, 0.448847, -0.0, 0.503632, 0.586995, -0.63387, 0.39386, -0.77657, -0.013892, -0.629877, -0.0, 0.0, 0.0, 0.0, 1.0],
                [-0.380927, 0.792791, 0.475791, -0.0, 0.431407, 0.607538, -0.666924, 0.39386, -0.817791, -0.048789, -0.573443, -0.0, 0.0, 0.0, 0.0, 1.0],
                [-0.29517, -0.009292, 0.9554, 0.0, -0.650443, 0.734413, -0.19381, 0.393861, -0.699857, -0.678639, -0.22282, 0.0, 0.0, 0.0, 0.0, 1.0],
                [-0.098571, 0.562317, 0.821026, -0.0, -0.49742, 0.686737, -0.530062, 0.39386, -0.861892, -0.460643, 0.212015, 0.0, 0.0, 0.0, 0.0, 1.0],
                [-0.176738, -0.255072, 0.950633, -0.0, -0.846432, 0.532299, -0.014539, 0.39386, -0.502312, -0.807214, -0.309977, -0.0, 0.0, 0.0, 0.0, 1.0]
            ]
        },
        {
            "name": "Hand_L",
            "time": [0.0, 0.2333, 0.25, 0.2667, 0.2833, 0.3, 0.3333, 0.45, 0.55, 0.65, 0.7333, 0.9167],
            "transform": [
                [1.0, 0.0, -0.0, -0.0, -0.0, 0.933737, -0.357961, 0.3, 0.0, 0.357961, 0.933736, -0.0, 0.0, 0.0, 0.0, 1.0],
                [1.0, 0.0, -0.0, -0.0, -0.0, 0.573201, -0.819415, 0.3, -0.0, 0.819415, 0.5732, 0.0, 0.0, 0.0, 0.0, 1.0],
                [1.0, 0.0, 0.0, -0.0, -0.0, 0.560473, -0.828172, 0.3, -0.0, 0.828173, 0.560473, -0.0, 0.0, 0.0, 0.0, 1.0],
                [1.0, 0.0, -0.0, 0.0, -0.0, 0.595348, -0.803468, 0.3, -0.0, 0.803468, 0.595349, -0.0, 0.0, 0.0, 0.0, 1.0],
                [1.0, 0.0, -0.0, -0.0, -0.0, 0.328159, -0.944622, 0.3, -0.0, 0.944622, 0.328159, 0.0, 0.0, 0.0, 0.0, 1.0],
                [1.0, 0.0, 0.0, 0.0, -0.0, 0.316957, -0.94844, 0.3, 0.0, 0.94844, 0.316958, 0.0, 0.0, 0.0, 0.0, 1.0],
                [1.0, 0.0, -0.0, 0.0, -0.0, 0.268046, -0.963406, 0.3, -0.0, 0.963407, 0.268046, -0.0, 0.0, 0.0, 0.0, 1.0],
                [1.0, 0.0, 0.0, -0.0, -0.0, 0.388762, -0.921338, 0.3, -0.0, 0.921338, 0.388762, -0.0, 0.0, 0.0, 0.0, 1.0],
                [1.0, 0.0, 0.0, 0.0, 0.0, 0.388621, -0.921398, 0.3, -0.0, 0.921397, 0.38862, -0.0, 0.0, 0.0, 0.0, 1.0],
                [1.0, 0.0, 0.0, -0.0, 0.0, 0.635296, -0.772269, 0.3, -0.0, 0.772269, 0.635295, -0.0, 0.0, 0.0, 0.0, 1.0],
                [1.0, 0.0, -0.0, -0.0, -0.0, 0.357078, -0.934075, 0.3, -0.0, 0.934075, 0.357078, 0.0, 0.0, 0.0, 0.0, 1.0],
                [1.0, 0.0, 0.0, 0.0, -0.0, 0.793051, -0.609155, 0.3, 0.0, 0.609154, 0.793051, -0.0, 0.0, 0.0, 0.0, 1.0]
            ]
        },
        {
            "name": "Tool_L",
            "time": [0.0, 0.2333, 0.25, 0.2667, 0.2833, 0.3, 0.3333, 0.45, 0.55, 0.65, 0.7333, 0.9167],
            "transform": [
                [0.946147, -0.312142, 0.085871, -0.0, -0.321532, -0.936952, 0.136887, 0.277531, 0.037703, -0.157043, -0.986276, 0.012893, 0.0, 0.0, 0.0, 1.0],
                [1.0, -0.0, 0.0, -0.0, -0.0, -0.893126, -0.449806, 0.277531, 0.0, 0.449532, -0.892606, 0.012893, 0.0, 0.0, 0.0, 1.0],
                [1.0, -0.0, 0.0, -0.0, 0.0, -0.923513, -0.383567, 0.277531, 0.0, 0.383332, -0.922974, 0.012893, 0.0, 0.0, 0.0, 1.0],
                [1.0, -0.0, 0.0, 0.0, 0.0, -0.966489, -0.256709, 0.277531, 0.0, 0.256547, -0.965923, 0.012893, 0.0, 0.0, 0.0, 1.0],
                [1.0, -0.0, 0.0, -0.0, 0.0, -0.992671, -0.120848, 0.277531, 0.0, 0.120766, -0.992089, 0.012893, 0.0, 0.0, 0.0, 1.0],
                [1.0, 0.0, 0.0, -0.0, 0.0, -0.998612, -0.052658, 0.277531, 0.0, 0.052616, -0.998026, 0.012893, 0.0, 0.0, 0.0, 1.0],
                [1.0, 0.0, 0.0, 0.0, 0.0, -0.998612, -0.052658, 0.277531, 0.0, 0.052616, -0.998026, 0.012894, 0.0, 0.0, 0.0, 1.0],
                [1.0, 0.0, 0.0, -0.0, 0.0, -0.998612, -0.052658, 0.277531, 0.0, 0.052616, -0.998026, 0.012893, 0.0, 0.0, 0.0, 1.0],
                [1.0, 0.0, 0.0, 0.0, 0.0, -0.998612, -0.052658, 0.277531, 0.0, 0.052616, -0.998026, 0.012893, 0.0, 0.0, 0.0, 1.0],
                [0.998651, -0.051022, 0.00964, -0.0, -0.050784, -0.998433, -0.023505, 0.277531, 0.010817, 0.022959, -0.99909, 0.012893, 0.0, 0.0, 0.0, 1.0],
                [0.992771, -0.117484, 0.024566, 0.0, -0.117851, -0.992931, 0.014081, 0.277531, 0.022724, -0.016875, -0.999011, 0.012893, 0.0, 0.0, 0.0, 1.0],
                [0.977451, -0.205479, 0.048659, 0.0, -0.208322, -0.976021, 0.063134, 0.277531, 0.034497, -0.071815, -0.996231, 0.012893, 0.0, 0.0, 0.0, 1.0]
            ]
        },
        {
            "name": "Elbow_L",
            "time": [0.0, 0.2333, 0.25, 0.2667, 0.2833, 0.3, 0.3333, 0.45, 0.55, 0.65, 0.7333, 0.9167],
            "transform": [
                [-1.0, 0.0, -0.0, 0.0, 0.0, -0.0, -1.0, 0.34463, -0.0, -1.0, -0.0, 0.0, 0.0, 0.0, 0.0, 1.0],
                [-1.0, 0.0, -0.0, 0.0, 0.0, -0.0, -1.0, 0.400323, -0.0, -1.0, -0.0, 0.0, 0.0, 0.0, 0.0, 1.0],
                [-1.0, 0.0, -0.0, -0.0, 0.0, -0.0, -1.0, 0.401771, -0.0, -1.0, -0.0, -0.0, 0.0, 0.0, 0.0, 1.0],
                [-1.0, 0.0, -0.0, 0.0, 0.0, -0.0, -1.0, 0.397765, -0.0, -1.0, -0.0, -0.0, 0.0, 0.0, 0.0, 1.0],
                [-1.0, 0.0, -0.0, -0.0, 0.0, -0.0, -1.0, 0.426192, -0.0, -1.0, -0.0, 0.0, 0.0, 0.0, 0.0, 1.0],
                [-1.0, 0.0, 0.0, 0.0, 0.0, -0.0, -1.0, 0.427301, -0.0, -1.0, 0.0, 0.0, 0.0, 0.0, 0.0, 1.0],
                [-1.0, 0.0, 0.0, 0.0, -0.0, -0.0, -1.0, 0.432095, -0.0, -1.0, -0.0, 0.0, 0.0, 0.0, 0.0, 1.0],
                [-1.0, 0.0, -0.0, -0.0, 0.0, -0.0, -1.0, 0.420107, -0.0, -1.0, 0.0, -0.0, 0.0, 0.0, 0.0, 1.0],
                [-1.0, 0.0, -0.0, 0.0, 0.0, 0.0, -1.0, 0.420121, -0.0, -1.0, -0.0, 0.0, 0.0, 0.0, 0.0, 1.0],
                [-1.0, 0.0, -0.0, -0.0, 0.0, 0.0, -1.0, 0.393015, -0.0, -1.0, -0.0, -0.0, 0.0, 0.0, 0.0, 1.0],
                [-1.0, 0.0, -0.0, -0.0, -0.0, -0.0, -1.0, 0.423307, -0.0, -1.0, 0.0, 0.0, 0.0, 0.0, 0.0, 1.0],
                [-1.0, 0.0, -0.0, 0.0, 0.0, -0.0, -1.0, 0.371704, -0.0, -1.0, -0.0, -0.0, 0.0, 0.0, 0.0, 1.0]
            ]
        }
    ]
}