{
    "animation": [
        {
            "name": "Root",
            "time": [0.0, 0.2167, 0.2333, 0.3, 0.3333, 0.3667, 0.3833, 0.4167, 0.45, 0.4667, 0.4833, 0.5, 0.5167, 0.5333, 0.55, 0.6333, 0.8333, 1.0167, 1.2667, 1.3167, 1.35, 1.4167, 1.5, 1.5833, 1.65, 1.7167, 1.7667, 1.8, 1.8833, 1.9833, 2.1333, 2.15, 2.1833, 2.25, 2.3333, 2.45, 2.5167, 2.55, 2.75, 2.7667, 2.8167, 2.85, 2.8667, 2.8833, 2.9, 2.9167, 2.9333, 3.2, 3.5, 3.8333],
            "transform": [
                [0.164822, -0.321373, 0.932498, -0.005177, 0.98457, 0.10995, -0.136133, 0.02163, -0.058778, 0.940548, 0.334536, 0.574562, 0.0, 0.0, 0.0, 1.0],
                [0.164822, -0.314953, 0.934686, -0.005177, 0.984571, 0.109011, -0.136886, 0.073197, -0.058778, 0.942826, 0.328061, 0.539494, 0.0, 0.0, 0.0, 1.0],
                [0.164822, -0.31403, 0.934997, -0.005177, 0.98457, 0.108876, -0.136994, 0.080603, -0.058778, 0.94315, 0.32713, 0.534458, 0.0, 0.0, 0.0, 1.0],
                [0.164822, -0.312168, 0.93562, -0.005177, 0.984571, 0.108603, -0.13721, 0.095532, -0.058778, 0.943799, 0.325252, 0.524305, 0.0, 0.0, 0.0, 1.0],
                [0.164822, -0.311507, 0.93584, -0.005177, 0.98457, 0.108506, -0.137287, 0.100829, -0.058778, 0.944028, 0.324585, 0.520702, 0.0, 0.0, 0.0, 1.0],
                [0.164822, -0.311253, 0.935925, -0.005177, 0.98457, 0.108468, -0.137317, 0.102866, -0.058778, 0.944117, 0.324329, 0.519317, 0.0, 0.0, 0.0, 1.0],
                [0.164822, -0.311253, 0.935925, -0.005177, 0.98457, 0.108468, -0.137317, 0.102866, -0.058778, 0.944117, 0.324329, 0.519317, 0.0, 0.0, 0.0, 1.0],
                [0.164822, -0.311253, 0.935925, -0.005177, 0.98457, 0.108468, -0.137317, 0.102866, -0.058778, 0.944117, 0.324329, 0.519317, 0.0, 0.0, 0.0, 1.0],
                [0.197595, -0.305475, 0.931472, -0.005177, 0.979168, 0.106826, -0.17268, 0.102866, -0.046756, 0.946189, 0.32022, 0.519317, 0.0, 0.0, 0.0, 1.0],
                [0.228154, -0.300109, 0.926218, -0.005177, 0.972973, 0.105088, -0.205621, 0.102866, -0.035626, 0.948099, 0.315974, 0.51541, 0.0, 0.0, 0.0, 1.0],
                [0.263023, -0.29401, 0.9189, -0.005177, 0.964515, 0.102857, -0.24317, 0.102866, -0.023021, 0.950252, 0.310631, 0.511503, 0.0, 0.0, 0.0, 1.0],
                [0.294389, -0.288548, 0.911084, -0.005177, 0.955613, 0.100619, -0.27691, 0.102866, -0.011771, 0.952164, 0.305362, 0.51641, 0.0, 0.0, 0.0, 1.0],
                [0.325358, -0.283178, 0.902193, -0.005177, 0.945591, 0.09819, -0.310189, 0.102866, -0.000748, 0.954028, 0.299717, 0.521317, 0.0, 0.0, 0.0, 1.0],
                [0.358877, -0.277391, 0.891213, -0.005177, 0.933319, 0.095307, -0.346168, 0.102866, 0.011085, 0.956018, 0.293098, 0.519317, 0.0, 0.0, 0.0, 1.0],
                [0.358877, -0.277391, 0.891213, -0.005177, 0.933319, 0.095307, -0.346168, 0.102866, 0.011085, 0.956018, 0.293098, 0.519317, 0.0, 0.0, 0.0, 1.0],
                [0.358877, -0.277391, 0.891213, -0.005177, 0.933319, 0.095307, -0.346168, 0.102866, 0.011085, 0.956018, 0.293098, 0.519317, 0.0, 0.0, 0.0, 1.0],
                [0.358877, -0.277391, 0.891213, -0.005177, 0.933319, 0.095307, -0.346168, 0.102866, 0.011085, 0.956018, 0.293098, 0.519317, 0.0, 0.0, 0.0, 1.0],
                [0.358877, -0.277391, 0.891213, -0.005177, 0.933319, 0.095307, -0.346168, 0.102866, 0.011085, 0.956018, 0.293098, 0.519317, 0.0, 0.0, 0.0, 1.0],
                [0.358877, -0.254537, 0.898008, -0.011648, 0.933319, 0.086434, -0.348489, 0.102866, 0.011085, 0.963193, 0.268584, 0.524484, 0.0, 0.0, 0.0, 1.0],
                [0.358877, -0.245756, 0.90045, -0.014121, 0.933319, 0.083027, -0.349317, 0.102866, 0.011085, 0.965769, 0.259165, 0.526458, 0.0, 0.0, 0.0, 1.0],
                [0.358877, -0.240049, 0.901989, -0.015723, 0.933319, 0.080813, -0.349835, 0.102866, 0.011085, 0.967391, 0.253044, 0.527738, 0.0, 0.0, 0.0, 1.0],
                [0.358877, -0.225643, 0.9057, -0.019756, 0.933319, 0.075227, -0.351079, 0.102866, 0.011085, 0.971301, 0.237594, 0.530958, 0.0, 0.0, 0.0, 1.0],
                [0.358877, -0.204621, 0.91068, -0.025611, 0.933319, 0.067082, -0.352726, 0.102866, 0.011085, 0.97654, 0.215051, 0.535633, 0.0, 0.0, 0.0, 1.0],
                [0.358877, -0.184268, 0.915015, -0.03125, 0.933319, 0.059202, -0.354134, 0.102866, 0.011085, 0.981091, 0.193227, 0.540135, 0.0, 0.0, 0.0, 1.0],
                [0.358877, -0.170846, 0.917616, -0.034954, 0.933319, 0.054008, -0.354963, 0.102866, 0.011085, 0.983816, 0.178837, 0.543093, 0.0, 0.0, 0.0, 1.0],
                [0.358877, -0.157535, 0.919995, -0.038619, 0.933319, 0.04886, -0.355708, 0.102866, 0.011085, 0.986304, 0.164565, 0.54602, 0.0, 0.0, 0.0, 1.0],
                [0.358877, -0.144822, 0.922081, -0.042111, 0.933319, 0.043946, -0.356349, 0.102866, 0.011085, 0.988481, 0.150937, 0.548808, 0.0, 0.0, 0.0, 1.0],
                [0.358877, -0.139145, 0.922955, -0.043669, 0.933319, 0.041752, -0.356613, 0.102866, 0.011085, 0.989392, 0.14485, 0.550052, 0.0, 0.0, 0.0, 1.0],
                [0.358877, -0.123765, 0.925143, -0.047883, 0.933319, 0.035811, -0.357258, 0.102866, 0.011085, 0.991665, 0.128364, 0.553416, 0.0, 0.0, 0.0, 1.0],
                [0.358877, -0.111876, 0.926656, -0.051135, 0.933319, 0.031221, -0.357688, 0.102866, 0.011085, 0.993232, 0.11562, 0.556013, 0.0, 0.0, 0.0, 1.0],
                [0.358877, -0.103898, 0.927584, -0.053316, 0.933319, 0.028142, -0.357944, 0.102866, 0.011085, 0.99419, 0.107069, 0.557755, 0.0, 0.0, 0.0, 1.0],
                [0.358877, -0.103898, 0.927584, -0.053316, 0.933319, 0.028142, -0.357944, 0.102866, 0.011085, 0.99419, 0.107069, 0.557755, 0.0, 0.0, 0.0, 1.0],
                [0.358877, -0.103898, 0.927584, -0.053316, 0.933319, 0.028142, -0.357944, 0.102866, 0.011085, 0.99419, 0.107069, 0.557755, 0.0, 0.0, 0.0, 1.0],
                [0.358877, -0.103898, 0.927584, -0.053316, 0.933319, 0.028142, -0.357944, 0.102866, 0.011085, 0.99419, 0.107069, 0.557755, 0.0, 0.0, 0.0, 1.0],
                [0.358877, -0.103898, 0.927584, -0.053316, 0.933319, 0.028142, -0.357944, 0.102866, 0.011085, 0.99419, 0.107069, 0.557755, 0.0, 0.0, 0.0, 1.0],
                [0.358877, -0.103898, 0.927584, -0.053316, 0.933319, 0.028142, -0.357944, 0.102866, 0.011085, 0.99419, 0.107069, 0.557755, 0.0, 0.0, 0.0, 1.0],
                [0.358877, -0.103898, 0.927584, -0.053316, 0.933319, 0.028142, -0.357944, 0.102866, 0.011085, 0.99419, 0.107069, 0.557755, 0.0, 0.0, 0.0, 1.0],
                [0.358877, -0.103898, 0.927584, -0.053316, 0.933319, 0.028142, -0.357944, 0.102866, 0.011085, 0.99419, 0.107069, 0.557755, 0.0, 0.0, 0.0, 1.0],
                [0.358877, -0.103898, 0.927584, -0.053316, 0.933319, 0.028142, -0.357944, 0.102866, 0.011085, 0.99419, 0.107069, 0.557755, 0.0, 0.0, 0.0, 1.0],
                [0.358877, -0.103898, 0.927584, -0.053316, 0.933319, 0.028142, -0.357944, 0.102866, 0.011085, 0.99419, 0.107069, 0.557755, 0.0, 0.0, 0.0, 1.0],
                [0.358877, -0.103898, 0.927584, -0.053316, 0.933319, 0.028142, -0.357944, 0.102866, 0.011085, 0.99419, 0.107069, 0.557755, 0.0, 0.0, 0.0, 1.0],
                [0.358877, -0.103898, 0.927584, -0.053316, 0.933319, 0.028142, -0.357944, 0.102866, 0.011085, 0.99419, 0.107069, 0.557755, 0.0, 0.0, 0.0, 1.0],
                [0.358877, -0.103898, 0.927584, -0.053316, 0.933319, 0.028142, -0.357944, 0.102866, 0.011085, 0.99419, 0.107069, 0.557755, 0.0, 0.0, 0.0, 1.0],
                [0.358877, -0.103898, 0.927584, -0.053316, 0.933319, 0.028142, -0.357944, 0.102866, 0.011085, 0.99419, 0.107069, 0.557755, 0.0, 0.0, 0.0, 1.0],
                [0.358877, -0.103898, 0.927584, -0.053316, 0.933319, 0.028142, -0.357944, 0.102866, 0.011085, 0.99419, 0.107069, 0.557755, 0.0, 0.0, 0.0, 1.0],
                [0.358877, -0.103898, 0.927584, -0.053316, 0.933319, 0.028142, -0.357944, 0.102866, 0.011085, 0.99419, 0.107069, 0.557755, 0.0, 0.0, 0.0, 1.0],
                [0.358877, -0.103898, 0.927584, -0.053316, 0.933319, 0.028142, -0.357944, 0.102866, 0.011085, 0.99419, 0.107069, 0.557755, 0.0, 0.0, 0.0, 1.0],
                [0.592282, -0.085139, 0.80122, -0.04843, 0.805721, 0.067551, -0.588431, 0.063645, -0.004025, 0.994077, 0.108608, 0.611868, 0.0, 0.0, 0.0, 1.0],
                [0.78214, -0.056959, 0.620494, -0.043696, 0.62284, 0.100345, -0.775887, 0.025639, -0.018069, 0.993321, 0.113961, 0.664303, 0.0, 0.0, 0.0, 1.0],
                [0.910271, -0.023817, 0.413328, -0.039229, 0.412964, 0.123283, -0.902365, -0.010218, -0.029465, 0.992086, 0.122057, 0.713775, 0.0, 0.0, 0.0, 1.0]
            ]
        },
        {
            "name": "Thigh_R",
            "time": [0.0, 0.2167, 0.2333, 0.3, 0.3333, 0.3667, 0.3833, 0.4167, 0.45, 0.4667, 0.4833, 0.5, 0.5167, 0.5333, 0.55, 0.6333, 0.8333, 1.0167, 1.2667, 1.3167, 1.35, 1.4167, 1.5, 1.5833, 1.65, 1.7167, 1.7667, 1.8, 1.8833, 1.9833, 2.1333, 2.15, 2.1833, 2.25, 2.3333, 2.45, 2.5167, 2.55, 2.75, 2.7667, 2.8167, 2.85, 2.8667, 2.8833, 2.9, 2.9167, 2.9333, 3.2, 3.5, 3.8333],
            "transform": [
                [0.840214, 0.495295, 0.220723, 0.124994, 0.066618, -0.498249, 0.86447, -0.002831, 0.538146, -0.711636, -0.451633, -1.2e-05, 0.0, 0.0, 0.0, 1.0],
                [0.866088, 0.45286, 0.211673, 0.124994, 0.02721, -0.465519, 0.884619, -0.002831, 0.49915, -0.760398, -0.415504, -1.2e-05, 0.0, 0.0, 0.0, 1.0],
                [0.869912, 0.445376, 0.211868, 0.124994, 0.020776, -0.462283, 0.886488, -0.002831, 0.492767, -0.766765, -0.411401, -1.2e-05, 0.0, 0.0, 0.0, 1.0],
                [0.87767, 0.429169, 0.213322, 0.124994, 0.007144, -0.456767, 0.889557, -0.002831, 0.479212, -0.779213, -0.403958, -1.2e-05, 0.0, 0.0, 0.0, 1.0],
                [0.88043, 0.423051, 0.214164, 0.124994, 0.002087, -0.455108, 0.890433, -0.002831, 0.474169, -0.783517, -0.401576, -1.2e-05, 0.0, 0.0, 0.0, 1.0],
                [0.881493, 0.420645, 0.214532, 0.124994, 0.000109, -0.45451, 0.890741, -0.002831, 0.472196, -0.785158, -0.400696, -1.2e-05, 0.0, 0.0, 0.0, 1.0],
                [0.881493, 0.420645, 0.214532, 0.124994, 0.000109, -0.45451, 0.890741, -0.002831, 0.472196, -0.785158, -0.400696, -1.2e-05, 0.0, 0.0, 0.0, 1.0],
                [0.881493, 0.420645, 0.214532, 0.124994, 0.000109, -0.45451, 0.890741, -0.002831, 0.472196, -0.785158, -0.400696, -1.2e-05, 0.0, 0.0, 0.0, 1.0],
                [0.87339, 0.425011, 0.237805, 0.124994, -0.019951, -0.456652, 0.889421, -0.002831, 0.486611, -0.781556, -0.390358, -1.2e-05, 0.0, 0.0, 0.0, 1.0],
                [0.861001, 0.436325, 0.261329, 0.124994, -0.040949, -0.452677, 0.890733, -0.002831, 0.50695, -0.777624, -0.371891, -1.2e-05, 0.0, 0.0, 0.0, 1.0],
                [0.8397, 0.455492, 0.295678, 0.124994, -0.068871, -0.450758, 0.889984, -0.002831, 0.538664, -0.767684, -0.347134, -1.2e-05, 0.0, 0.0, 0.0, 1.0],
                [0.812288, 0.472489, 0.341961, 0.124994, -0.098748, -0.466426, 0.87903, -0.002831, 0.574835, -0.747794, -0.332217, -1.2e-05, 0.0, 0.0, 0.0, 1.0],
                [0.774332, 0.494144, 0.395253, 0.124994, -0.131745, -0.485046, 0.864507, -0.002831, 0.618911, -0.721489, -0.310488, -1.2e-05, 0.0, 0.0, 0.0, 1.0],
                [0.71737, 0.529714, 0.452523, 0.124994, -0.170434, -0.496363, 0.851219, -0.002831, 0.675523, -0.687765, -0.265797, -1.2e-05, 0.0, 0.0, 0.0, 1.0],
                [0.71737, 0.529714, 0.452523, 0.124994, -0.170434, -0.496363, 0.851219, -0.002831, 0.675523, -0.687765, -0.265797, -1.2e-05, 0.0, 0.0, 0.0, 1.0],
                [0.71737, 0.529714, 0.452523, 0.124994, -0.170434, -0.496363, 0.851219, -0.002831, 0.675523, -0.687765, -0.265797, -1.2e-05, 0.0, 0.0, 0.0, 1.0],
                [0.71737, 0.529714, 0.452523, 0.124994, -0.170434, -0.496363, 0.851219, -0.002831, 0.675523, -0.687765, -0.265797, -1.2e-05, 0.0, 0.0, 0.0, 1.0],
                [0.71737, 0.529714, 0.452523, 0.124994, -0.170434, -0.496363, 0.851219, -0.002831, 0.675523, -0.687765, -0.265797, -1.2e-05, 0.0, 0.0, 0.0, 1.0],
                [0.71143, 0.531291, 0.45999, 0.124994, -0.145401, -0.529107, 0.836004, -0.002831, 0.687549, -0.661642, -0.299175, -1.2e-05, 0.0, 0.0, 0.0, 1.0],
                [0.709148, 0.53181, 0.462904, 0.124994, -0.135715, -0.541308, 0.829798, -0.002831, 0.691874, -0.651273, -0.311696, -1.2e-05, 0.0, 0.0, 0.0, 1.0],
                [0.707665, 0.532123, 0.464812, 0.124994, -0.129401, -0.549125, 0.82566, -0.002831, 0.694597, -0.644438, -0.319741, -1.2e-05, 0.0, 0.0, 0.0, 1.0],
                [0.70392, 0.53282, 0.469675, 0.124994, -0.113403, -0.568462, 0.814856, -0.002831, 0.701168, -0.626856, -0.339731, -1.2e-05, 0.0, 0.0, 0.0, 1.0],
                [0.698454, 0.533601, 0.476891, 0.124994, -0.089912, -0.595662, 0.798187, -0.002831, 0.709983, -0.600376, -0.368068, -1.2e-05, 0.0, 0.0, 0.0, 1.0],
                [0.693161, 0.534087, 0.484017, 0.124994, -0.06702, -0.620849, 0.781059, -0.002831, 0.717659, -0.573839, -0.394556, -1.2e-05, 0.0, 0.0, 0.0, 1.0],
                [0.68967, 0.534259, 0.488791, 0.124994, -0.051853, -0.63684, 0.769249, -0.002831, 0.722263, -0.555874, -0.411509, -1.2e-05, 0.0, 0.0, 0.0, 1.0],
                [0.686206, 0.534308, 0.493589, 0.124994, -0.036761, -0.65222, 0.757137, -0.002831, 0.726476, -0.537697, -0.427918, -1.2e-05, 0.0, 0.0, 0.0, 1.0],
                [0.682897, 0.534241, 0.498228, 0.124994, -0.022306, -0.666456, 0.745209, -0.002831, 0.730172, -0.520015, -0.443207, -1.2e-05, 0.0, 0.0, 0.0, 1.0],
                [0.68142, 0.534176, 0.500318, 0.124994, -0.015838, -0.672672, 0.73977, -0.002831, 0.731721, -0.512018, -0.449914, -1.2e-05, 0.0, 0.0, 0.0, 1.0],
                [0.677413, 0.533885, 0.506036, 0.124994, 0.001717, -0.689066, 0.724695, -0.002831, 0.7356, -0.490049, -0.467702, -1.2e-05, 0.0, 0.0, 0.0, 1.0],
                [0.674315, 0.533546, 0.510512, 0.124994, 0.015319, -0.701294, 0.712706, -0.002831, 0.738284, -0.472768, -0.481069, -1.2e-05, 0.0, 0.0, 0.0, 1.0],
                [0.672235, 0.53326, 0.513544, 0.124994, 0.02446, -0.709281, 0.704499, -0.002831, 0.739933, -0.461027, -0.48985, -1.2e-05, 0.0, 0.0, 0.0, 1.0],
                [0.672235, 0.53326, 0.513544, 0.124994, 0.02446, -0.709281, 0.704499, -0.002831, 0.739933, -0.461027, -0.48985, -1.2e-05, 0.0, 0.0, 0.0, 1.0],
                [0.672235, 0.53326, 0.513544, 0.124994, 0.02446, -0.709281, 0.704499, -0.002831, 0.739933, -0.461027, -0.48985, -1.2e-05, 0.0, 0.0, 0.0, 1.0],
                [0.672235, 0.53326, 0.513544, 0.124994, 0.02446, -0.709281, 0.704499, -0.002831, 0.739933, -0.461027, -0.48985, -1.2e-05, 0.0, 0.0, 0.0, 1.0],
                [0.672235, 0.53326, 0.513544, 0.124994, 0.02446, -0.709281, 0.704499, -0.002831, 0.739933, -0.461027, -0.48985, -1.2e-05, 0.0, 0.0, 0.0, 1.0],
                [0.672235, 0.53326, 0.513544, 0.124994, 0.02446, -0.709281, 0.704499, -0.002831, 0.739933, -0.461027, -0.48985, -1.2e-05, 0.0, 0.0, 0.0, 1.0],
                [0.672235, 0.53326, 0.513544, 0.124994, 0.02446, -0.709281, 0.704499, -0.002831, 0.739933, -0.461027, -0.48985, -1.2e-05, 0.0, 0.0, 0.0, 1.0],
                [0.672235, 0.53326, 0.513544, 0.124994, 0.02446, -0.709281, 0.704499, -0.002831, 0.739933, -0.461027, -0.48985, -1.2e-05, 0.0, 0.0, 0.0, 1.0],
                [0.672235, 0.53326, 0.513544, 0.124994, 0.02446, -0.709281, 0.704499, -0.002831, 0.739933, -0.461027, -0.48985, -1.2e-05, 0.0, 0.0, 0.0, 1.0],
                [0.672235, 0.53326, 0.513544, 0.124994, 0.02446, -0.709281, 0.704499, -0.002831, 0.739933, -0.461027, -0.48985, -1.2e-05, 0.0, 0.0, 0.0, 1.0],
                [0.672235, 0.53326, 0.513544, 0.124994, 0.02446, -0.709281, 0.704499, -0.002831, 0.739933, -0.461027, -0.48985, -1.2e-05, 0.0, 0.0, 0.0, 1.0],
                [0.672235, 0.53326, 0.513544, 0.124994, 0.02446, -0.709281, 0.704499, -0.002831, 0.739933, -0.461027, -0.48985, -1.2e-05, 0.0, 0.0, 0.0, 1.0],
                [0.672235, 0.53326, 0.513544, 0.124994, 0.02446, -0.709281, 0.704499, -0.002831, 0.739933, -0.461027, -0.48985, -1.2e-05, 0.0, 0.0, 0.0, 1.0],
                [0.672235, 0.53326, 0.513544, 0.124994, 0.02446, -0.709281, 0.704499, -0.002831, 0.739933, -0.461027, -0.48985, -1.2e-05, 0.0, 0.0, 0.0, 1.0],
                [0.672235, 0.53326, 0.513544, 0.124994, 0.02446, -0.709281, 0.704499, -0.002831, 0.739933, -0.461027, -0.48985, -1.2e-05, 0.0, 0.0, 0.0, 1.0],
                [0.672235, 0.53326, 0.513544, 0.124994, 0.02446, -0.709281, 0.704499, -0.002831, 0.739933, -0.461027, -0.48985, -1.2e-05, 0.0, 0.0, 0.0, 1.0],
                [0.672235, 0.53326, 0.513544, 0.124994, 0.02446, -0.709281, 0.704499, -0.002831, 0.739933, -0.461027, -0.48985, -1.2e-05, 0.0, 0.0, 0.0, 1.0],
                [0.734556, 0.487723, 0.471752, 0.124994, 0.072227, -0.747488, 0.660337, -0.002831, 0.674692, -0.450981, -0.584301, -1.2e-05, 0.0, 0.0, 0.0, 1.0],
                [0.784427, 0.450224, 0.426577, 0.124994, 0.114964, -0.781413, 0.613331, -0.002831, 0.609472, -0.432072, -0.664723, -1.2e-05, 0.0, 0.0, 0.0, 1.0],
                [0.824748, 0.402973, 0.396734, 0.124994, 0.148176, -0.831051, 0.536093, -0.002831, 0.54574, -0.383355, -0.745122, -1.2e-05, 0.0, 0.0, 0.0, 1.0]
            ]
        },
        {
            "name": "Leg_R",
            "time": [0.0, 0.2167, 0.2333, 0.3, 0.3333, 0.3667, 0.3833, 0.4167, 0.45, 0.4667, 0.4833, 0.5, 0.5167, 0.5333, 0.55, 0.6333, 0.8333, 1.0167, 1.2667, 1.3167, 1.35, 1.4167, 1.5, 1.5833, 1.65, 1.7167, 1.7667, 1.8, 1.8833, 1.9833, 2.1333, 2.15, 2.1833, 2.25, 2.3333, 2.45, 2.5167, 2.55, 2.75, 2.7667, 2.8167, 2.85, 2.8667, 2.8833, 2.9, 2.9167, 2.9333, 3.2, 3.5, 3.8333],
            "transform": [
                [1.0, -1e-06, 1e-06, 0.0, -0.0, 0.332561, 0.943084, 0.37472, -1e-06, -0.943081, 0.332559, 0.0, 0.0, 0.0, 0.0, 1.0],
                [1.0, -1e-06, 0.0, -0.0, -0.0, 0.148842, 0.988863, 0.37472, -1e-06, -0.988859, 0.14884, 0.0, 0.0, 0.0, 0.0, 1.0],
                [1.0, -1e-06, 0.0, 0.0, -0.0, 0.12473, 0.992193, 0.37472, -1e-06, -0.992189, 0.124728, 0.0, 0.0, 0.0, 0.0, 1.0],
                [1.0, -1e-06, 0.0, 0.0, -0.0, 0.077899, 0.996963, 0.37472, -1e-06, -0.99696, 0.077897, 0.0, 0.0, 0.0, 0.0, 1.0],
                [1.0, -1e-06, 0.0, 0.0, -0.0, 0.061844, 0.998088, 0.37472, -1e-06, -0.998084, 0.061842, -0.0, 0.0, 0.0, 0.0, 1.0],
                [1.0, -1e-06, 0.0, -0.0, -0.0, 0.055746, 0.998447, 0.37472, -1e-06, -0.998443, 0.055744, 0.0, 0.0, 0.0, 0.0, 1.0],
                [1.0, -1e-06, 0.0, -0.0, -0.0, 0.055746, 0.998447, 0.37472, -1e-06, -0.998443, 0.055744, 0.0, 0.0, 0.0, 0.0, 1.0],
                [1.0, -1e-06, 0.0, -0.0, -0.0, 0.055746, 0.998447, 0.37472, -1e-06, -0.998443, 0.055744, 0.0, 0.0, 0.0, 0.0, 1.0],
                [1.0, -1e-06, 0.0, -0.0, -0.0, 0.061149, 0.99813, 0.37472, -1e-06, -0.998127, 0.061147, 0.0, 0.0, 0.0, 0.0, 1.0],
                [1.0, -1e-06, 0.0, 0.0, -0.0, 0.051256, 0.998687, 0.37472, -1e-06, -0.998684, 0.051254, 0.0, 0.0, 0.0, 0.0, 1.0],
                [1.0, -1e-06, 0.0, 0.0, -0.0, 0.042282, 0.999108, 0.37472, -1e-06, -0.999104, 0.042281, -0.0, 0.0, 0.0, 0.0, 1.0],
                [1.0, -1e-06, 0.0, -0.0, -0.0, 0.066743, 0.997772, 0.37472, -1e-06, -0.997768, 0.066741, 0.0, 0.0, 0.0, 0.0, 1.0],
                [1.0, -1e-06, 0.0, 0.0, -0.0, 0.091549, 0.995803, 0.37472, -1e-06, -0.995799, 0.091547, -0.0, 0.0, 0.0, 0.0, 1.0],
                [1.0, -1e-06, 0.0, 0.0, -0.0, 0.090071, 0.995938, 0.37472, -1e-06, -0.995933, 0.090069, -0.0, 0.0, 0.0, 0.0, 1.0],
                [1.0, -1e-06, 0.0, 0.0, -0.0, 0.090071, 0.995938, 0.37472, -1e-06, -0.995933, 0.090069, -0.0, 0.0, 0.0, 0.0, 1.0],
                [1.0, -1e-06, 0.0, 0.0, -0.0, 0.090071, 0.995938, 0.37472, -1e-06, -0.995933, 0.090069, -0.0, 0.0, 0.0, 0.0, 1.0],
                [1.0, -1e-06, 0.0, 0.0, -0.0, 0.090071, 0.995938, 0.37472, -1e-06, -0.995933, 0.090069, -0.0, 0.0, 0.0, 0.0, 1.0],
                [1.0, -1e-06, 0.0, 0.0, -0.0, 0.090071, 0.995938, 0.37472, -1e-06, -0.995933, 0.090069, -0.0, 0.0, 0.0, 0.0, 1.0],
                [1.0, -1e-06, 0.0, 0.0, -0.0, 0.110425, 0.993886, 0.37472, -1e-06, -0.993883, 0.110423, 0.0, 0.0, 0.0, 0.0, 1.0],
                [1.0, -1e-06, 0.0, -0.0, -0.0, 0.118332, 0.992976, 0.37472, -1e-06, -0.992972, 0.11833, -0.0, 0.0, 0.0, 0.0, 1.0],
                [1.0, -1e-06, 0.0, -0.0, -0.0, 0.123497, 0.992347, 0.37472, -1e-06, -0.992343, 0.123495, 0.0, 0.0, 0.0, 0.0, 1.0],
                [1.0, -1e-06, 0.0, -0.0, -0.0, 0.136629, 0.990625, 0.37472, -1e-06, -0.99062, 0.136627, -0.0, 0.0, 0.0, 0.0, 1.0],
                [1.0, -1e-06, 0.0, 0.0, -0.0, 0.156036, 0.987754, 0.37472, -1e-06, -0.98775, 0.156035, -0.0, 0.0, 0.0, 0.0, 1.0],
                [1.0, -1e-06, 0.0, 0.0, -0.0, 0.175114, 0.98455, 0.37472, -1e-06, -0.984546, 0.175112, -0.0, 0.0, 0.0, 0.0, 1.0],
                [1.0, -1e-06, 0.0, 0.0, -0.0, 0.187854, 0.982199, 0.37472, -1e-06, -0.982196, 0.187852, -0.0, 0.0, 0.0, 0.0, 1.0],
                [1.0, -1e-06, 0.0, 0.0, -0.0, 0.20063, 0.97967, 0.37472, -1e-06, -0.979666, 0.200628, 0.0, 0.0, 0.0, 0.0, 1.0],
                [1.0, -1e-06, 0.0, -0.0, -0.0, 0.212958, 0.977064, 0.37472, -1e-06, -0.97706, 0.212956, -0.0, 0.0, 0.0, 0.0, 1.0],
                [1.0, -1e-06, 0.0, 0.0, -0.0, 0.218503, 0.975839, 0.37472, -1e-06, -0.975835, 0.218501, -0.0, 0.0, 0.0, 0.0, 1.0],
                [1.0, -1e-06, 0.0, -0.0, -0.0, 0.233651, 0.972323, 0.37472, -1e-06, -0.972319, 0.233649, 0.0, 0.0, 0.0, 0.0, 1.0],
                [1.0, -1e-06, 0.0, -0.0, -0.0, 0.245487, 0.969402, 0.37472, -1e-06, -0.969399, 0.245485, 0.0, 0.0, 0.0, 0.0, 1.0],
                [1.0, -1e-06, 0.0, 0.0, -0.0, 0.253495, 0.967339, 0.37472, -1e-06, -0.967335, 0.253493, -0.0, 0.0, 0.0, 0.0, 1.0],
                [1.0, -1e-06, 0.0, 0.0, -0.0, 0.253495, 0.967339, 0.37472, -1e-06, -0.967335, 0.253493, -0.0, 0.0, 0.0, 0.0, 1.0],
                [1.0, -1e-06, 0.0, 0.0, -0.0, 0.253495, 0.967339, 0.37472, -1e-06, -0.967335, 0.253493, -0.0, 0.0, 0.0, 0.0, 1.0],
                [1.0, -1e-06, 0.0, 0.0, -0.0, 0.253495, 0.967339, 0.37472, -1e-06, -0.967335, 0.253493, -0.0, 0.0, 0.0, 0.0, 1.0],
                [1.0, -1e-06, 0.0, 0.0, -0.0, 0.253495, 0.967339, 0.37472, -1e-06, -0.967335, 0.253493, -0.0, 0.0, 0.0, 0.0, 1.0],
                [1.0, -1e-06, 0.0, 0.0, -0.0, 0.253495, 0.967339, 0.37472, -1e-06, -0.967335, 0.253493, -0.0, 0.0, 0.0, 0.0, 1.0],
                [1.0, -1e-06, 0.0, 0.0, -0.0, 0.253495, 0.967339, 0.37472, -1e-06, -0.967335, 0.253493, -0.0, 0.0, 0.0, 0.0, 1.0],
                [1.0, -1e-06, 0.0, 0.0, -0.0, 0.253495, 0.967339, 0.37472, -1e-06, -0.967335, 0.253493, -0.0, 0.0, 0.0, 0.0, 1.0],
                [1.0, -1e-06, 0.0, 0.0, -0.0, 0.253495, 0.967339, 0.37472, -1e-06, -0.967335, 0.253493, -0.0, 0.0, 0.0, 0.0, 1.0],
                [1.0, -1e-06, 0.0, 0.0, -0.0, 0.253495, 0.967339, 0.37472, -1e-06, -0.967335, 0.253493, -0.0, 0.0, 0.0, 0.0, 1.0],
                [1.0, -1e-06, 0.0, 0.0, -0.0, 0.253495, 0.967339, 0.37472, -1e-06, -0.967335, 0.253493, -0.0, 0.0, 0.0, 0.0, 1.0],
                [1.0, -1e-06, 0.0, 0.0, -0.0, 0.253495, 0.967339, 0.37472, -1e-06, -0.967335, 0.253493, -0.0, 0.0, 0.0, 0.0, 1.0],
                [1.0, -1e-06, 0.0, 0.0, -0.0, 0.253495, 0.967339, 0.37472, -1e-06, -0.967335, 0.253493, -0.0, 0.0, 0.0, 0.0, 1.0],
                [1.0, -1e-06, 0.0, 0.0, -0.0, 0.253495, 0.967339, 0.37472, -1e-06, -0.967335, 0.253493, -0.0, 0.0, 0.0, 0.0, 1.0],
                [1.0, -1e-06, 0.0, 0.0, -0.0, 0.253495, 0.967339, 0.37472, -1e-06, -0.967335, 0.253493, -0.0, 0.0, 0.0, 0.0, 1.0],
                [1.0, -1e-06, 0.0, 0.0, -0.0, 0.253495, 0.967339, 0.37472, -1e-06, -0.967335, 0.253493, -0.0, 0.0, 0.0, 0.0, 1.0],
                [1.0, -1e-06, 0.0, 0.0, -0.0, 0.253495, 0.967339, 0.37472, -1e-06, -0.967335, 0.253493, -0.0, 0.0, 0.0, 0.0, 1.0],
                [1.0, -1e-06, 1e-06, 0.0, -0.0, 0.432464, 0.901653, 0.37472, -1e-06, -0.901651, 0.432462, -0.0, 0.0, 0.0, 0.0, 1.0],
                [1.0, -0.0, 1e-06, -0.0, -0.0, 0.630123, 0.776498, 0.37472, -1e-06, -0.776496, 0.630122, 0.0, 0.0, 0.0, 0.0, 1.0],
                [1.0, -0.0, 1e-06, 0.0, -0.0, 0.845437, 0.534077, 0.37472, -1e-06, -0.534077, 0.845436, 0.0, 0.0, 0.0, 0.0, 1.0]
            ]
        },
        {
            "name": "Knee_R",
            "time": [0.0, 0.2167, 0.2333, 0.3, 0.3333, 0.3667, 0.3833, 0.4167, 0.45, 0.4667, 0.4833, 0.5, 0.5167, 0.5333, 0.55, 0.6333, 0.8333, 1.0167, 1.2667, 1.3167, 1.35, 1.4167, 1.5, 1.5833, 1.65, 1.7167, 1.7667, 1.8, 1.8833, 1.9833, 2.1333, 2.15, 2.1833, 2.25, 2.3333, 2.45, 2.5167, 2.55, 2.75, 2.7667, 2.8167, 2.85, 2.8667, 2.8833, 2.9, 2.9167, 2.9333, 3.2, 3.5, 3.8333],
            "transform": [
                [1.0, 0.0, -0.0, 0.0, -0.0, 1e-06, -1.0, 0.449109, -0.0, 1.0, 1e-06, -0.0, 0.0, 0.0, 0.0, 1.0],
                [1.0, 0.0, -0.0, 0.0, -0.0, 1e-06, -1.0, 0.469027, -0.0, 1.0, 1e-06, 0.0, 0.0, 0.0, 0.0, 1.0],
                [1.0, 0.0, -0.0, 0.0, -0.0, 1e-06, -1.0, 0.471584, -0.0, 1.0, 1e-06, -0.0, 0.0, 0.0, 0.0, 1.0],
                [1.0, 0.0, -0.0, 0.0, -0.0, 1e-06, -1.0, 0.476529, -0.0, 1.0, 1e-06, -0.0, 0.0, 0.0, 0.0, 1.0],
                [1.0, 0.0, -0.0, 0.0, -0.0, 1e-06, -1.0, 0.47822, 0.0, 1.0, 1e-06, -0.0, 0.0, 0.0, 0.0, 1.0],
                [1.0, 0.0, -0.0, -0.0, -0.0, 1e-06, -1.0, 0.478862, -0.0, 1.0, 1e-06, -0.0, 0.0, 0.0, 0.0, 1.0],
                [1.0, 0.0, -0.0, -0.0, -0.0, 1e-06, -1.0, 0.478862, -0.0, 1.0, 1e-06, -0.0, 0.0, 0.0, 0.0, 1.0],
                [1.0, 0.0, -0.0, -0.0, -0.0, 1e-06, -1.0, 0.478862, -0.0, 1.0, 1e-06, -0.0, 0.0, 0.0, 0.0, 1.0],
                [1.0, 0.0, -0.0, 0.0, -0.0, 1e-06, -1.0, 0.478293, -0.0, 1.0, 1e-06, -0.0, 0.0, 0.0, 0.0, 1.0],
                [1.0, 0.0, -0.0, 0.0, -0.0, 1e-06, -1.0, 0.479334, -0.0, 1.0, 1e-06, -0.0, 0.0, 0.0, 0.0, 1.0],
                [1.0, 0.0, -0.0, 0.0, -0.0, 1e-06, -1.0, 0.480278, -0.0, 1.0, 1e-06, -0.0, 0.0, 0.0, 0.0, 1.0],
                [1.0, 0.0, -0.0, 0.0, -0.0, 1e-06, -1.0, 0.477704, -0.0, 1.0, 0.0, -0.0, 0.0, 0.0, 0.0, 1.0],
                [1.0, 0.0, -0.0, 0.0, -0.0, 0.0, -1.0, 0.47509, -0.0, 1.0, 1e-06, -0.0, 0.0, 0.0, 0.0, 1.0],
                [1.0, 0.0, -0.0, -0.0, -0.0, 1e-06, -1.0, 0.475246, -0.0, 1.0, 1e-06, -0.0, 0.0, 0.0, 0.0, 1.0],
                [1.0, 0.0, -0.0, -0.0, -0.0, 1e-06, -1.0, 0.475246, -0.0, 1.0, 1e-06, -0.0, 0.0, 0.0, 0.0, 1.0],
                [1.0, 0.0, -0.0, -0.0, -0.0, 1e-06, -1.0, 0.475246, -0.0, 1.0, 1e-06, -0.0, 0.0, 0.0, 0.0, 1.0],
                [1.0, 0.0, -0.0, -0.0, -0.0, 1e-06, -1.0, 0.475246, -0.0, 1.0, 1e-06, -0.0, 0.0, 0.0, 0.0, 1.0],
                [1.0, 0.0, -0.0, -0.0, -0.0, 1e-06, -1.0, 0.475246, -0.0, 1.0, 1e-06, -0.0, 0.0, 0.0, 0.0, 1.0],
                [1.0, 0.0, -0.0, 0.0, -0.0, 1e-06, -1.0, 0.473097, 0.0, 1.0, 1e-06, -0.0, 0.0, 0.0, 0.0, 1.0],
                [1.0, 0.0, -0.0, 0.0, -0.0, 1e-06, -1.0, 0.472261, -0.0, 1.0, 1e-06, -0.0, 0.0, 0.0, 0.0, 1.0],
                [1.0, 0.0, -0.0, -0.0, -0.0, 1e-06, -1.0, 0.471715, -0.0, 1.0, 1e-06, -0.0, 0.0, 0.0, 0.0, 1.0],
                [1.0, 0.0, -0.0, 0.0, -0.0, 1e-06, -1.0, 0.470323, -0.0, 1.0, 1e-06, -0.0, 0.0, 0.0, 0.0, 1.0],
                [1.0, 0.0, -0.0, 0.0, -0.0, 1e-06, -1.0, 0.468263, -0.0, 1.0, 1e-06, -0.0, 0.0, 0.0, 0.0, 1.0],
                [1.0, 0.0, -0.0, 0.0, -0.0, 1e-06, -1.0, 0.466231, -0.0, 1.0, 1e-06, -0.0, 0.0, 0.0, 0.0, 1.0],
                [1.0, 0.0, -0.0, 0.0, -0.0, 1e-06, -1.0, 0.46487, -0.0, 1.0, 1e-06, -0.0, 0.0, 0.0, 0.0, 1.0],
                [1.0, 0.0, -0.0, 0.0, -0.0, 1e-06, -1.0, 0.463502, -0.0, 1.0, 1e-06, -0.0, 0.0, 0.0, 0.0, 1.0],
                [1.0, 0.0, -0.0, 0.0, -0.0, 1e-06, -1.0, 0.462178, -0.0, 1.0, 0.0, -0.0, 0.0, 0.0, 0.0, 1.0],
                [1.0, 0.0, -0.0, 0.0, -0.0, 1e-06, -1.0, 0.461582, -0.0, 1.0, 1e-06, -0.0, 0.0, 0.0, 0.0, 1.0],
                [1.0, 0.0, -0.0, 0.0, -0.0, 1e-06, -1.0, 0.459948, -0.0, 1.0, 1e-06, -0.0, 0.0, 0.0, 0.0, 1.0],
                [1.0, 0.0, -0.0, 0.0, -0.0, 1e-06, -1.0, 0.458668, -0.0, 1.0, 1e-06, -0.0, 0.0, 0.0, 0.0, 1.0],
                [1.0, 0.0, -0.0, -0.0, -0.0, 1e-06, -1.0, 0.457799, -0.0, 1.0, 1e-06, -0.0, 0.0, 0.0, 0.0, 1.0],
                [1.0, 0.0, -0.0, -0.0, -0.0, 1e-06, -1.0, 0.457799, -0.0, 1.0, 1e-06, -0.0, 0.0, 0.0, 0.0, 1.0],
                [1.0, 0.0, -0.0, -0.0, -0.0, 1e-06, -1.0, 0.457799, -0.0, 1.0, 1e-06, -0.0, 0.0, 0.0, 0.0, 1.0],
                [1.0, 0.0, -0.0, -0.0, -0.0, 1e-06, -1.0, 0.457799, -0.0, 1.0, 1e-06, -0.0, 0.0, 0.0, 0.0, 1.0],
                [1.0, 0.0, -0.0, -0.0, -0.0, 1e-06, -1.0, 0.457799, -0.0, 1.0, 1e-06, -0.0, 0.0, 0.0, 0.0, 1.0],
                [1.0, 0.0, -0.0, -0.0, -0.0, 1e-06, -1.0, 0.457799, -0.0, 1.0, 1e-06, -0.0, 0.0, 0.0, 0.0, 1.0],
                [1.0, 0.0, -0.0, -0.0, -0.0, 1e-06, -1.0, 0.457799, -0.0, 1.0, 1e-06, -0.0, 0.0, 0.0, 0.0, 1.0],
                [1.0, 0.0, -0.0, -0.0, -0.0, 1e-06, -1.0, 0.457799, -0.0, 1.0, 1e-06, -0.0, 0.0, 0.0, 0.0, 1.0],
                [1.0, 0.0, -0.0, -0.0, -0.0, 1e-06, -1.0, 0.457799, -0.0, 1.0, 1e-06, -0.0, 0.0, 0.0, 0.0, 1.0],
                [1.0, 0.0, -0.0, -0.0, -0.0, 1e-06, -1.0, 0.457799, -0.0, 1.0, 1e-06, -0.0, 0.0, 0.0, 0.0, 1.0],
                [1.0, 0.0, -0.0, -0.0, -0.0, 1e-06, -1.0, 0.457799, -0.0, 1.0, 1e-06, -0.0, 0.0, 0.0, 0.0, 1.0],
                [1.0, 0.0, -0.0, -0.0, -0.0, 1e-06, -1.0, 0.457799, -0.0, 1.0, 1e-06, -0.0, 0.0, 0.0, 0.0, 1.0],
                [1.0, 0.0, -0.0, -0.0, -0.0, 1e-06, -1.0, 0.457799, -0.0, 1.0, 1e-06, -0.0, 0.0, 0.0, 0.0, 1.0],
                [1.0, 0.0, -0.0, -0.0, -0.0, 1e-06, -1.0, 0.457799, -0.0, 1.0, 1e-06, -0.0, 0.0, 0.0, 0.0, 1.0],
                [1.0, 0.0, -0.0, -0.0, -0.0, 1e-06, -1.0, 0.457799, -0.0, 1.0, 1e-06, -0.0, 0.0, 0.0, 0.0, 1.0],
                [1.0, 0.0, -0.0, -0.0, -0.0, 1e-06, -1.0, 0.457799, -0.0, 1.0, 1e-06, -0.0, 0.0, 0.0, 0.0, 1.0],
                [1.0, 0.0, -0.0, -0.0, -0.0, 1e-06, -1.0, 0.457799, -0.0, 1.0, 1e-06, -0.0, 0.0, 0.0, 0.0, 1.0],
                [1.0, 0.0, -0.0, 0.0, -0.0, 1e-06, -1.0, 0.437743, -0.0, 1.0, 1e-06, -0.0, 0.0, 0.0, 0.0, 1.0],
                [1.0, 0.0, -0.0, -0.0, -0.0, 1e-06, -1.0, 0.413112, -0.0, 1.0, 1e-06, -0.0, 0.0, 0.0, 0.0, 1.0],
                [1.0, 0.0, -0.0, 0.0, -0.0, 1e-06, -1.0, 0.378903, -0.0, 1.0, 1e-06, 0.0, 0.0, 0.0, 0.0, 1.0]
            ]
        },
        {
            "name": "Thigh_L",
            "time": [0.0, 0.2167, 0.2333, 0.3, 0.3333, 0.3667, 0.3833, 0.4167, 0.45, 0.4667, 0.4833, 0.5, 0.5167, 0.5333, 0.55, 0.6333, 0.8333, 1.0167, 1.2667, 1.3167, 1.35, 1.4167, 1.5, 1.5833, 1.65, 1.7167, 1.7667, 1.8, 1.8833, 1.9833, 2.1333, 2.15, 2.1833, 2.25, 2.3333, 2.45, 2.5167, 2.55, 2.75, 2.7667, 2.8167, 2.85, 2.8667, 2.8833, 2.9, 2.9167, 2.9333, 3.2, 3.5, 3.8333],
            "transform": [
                [0.918878, -0.025667, 0.393705, -0.125006, -0.369658, -0.404768, 0.83637, -0.002831, 0.137897, -0.914059, -0.38142, -1.2e-05, 0.0, 0.0, 0.0, 1.0],
                [0.900385, -0.096795, 0.424188, -0.125006, -0.428759, -0.363113, 0.827232, -0.002831, 0.073961, -0.926702, -0.368443, -1.2e-05, 0.0, 0.0, 0.0, 1.0],
                [0.896983, -0.107777, 0.428724, -0.125006, -0.437343, -0.357688, 0.825098, -0.002831, 0.064428, -0.927599, -0.367976, -1.2e-05, 0.0, 0.0, 0.0, 1.0],
                [0.889523, -0.130451, 0.437871, -0.125006, -0.454669, -0.347081, 0.820249, -0.002831, 0.04498, -0.928717, -0.368049, -1.2e-05, 0.0, 0.0, 0.0, 1.0],
                [0.88668, -0.13866, 0.441101, -0.125006, -0.460815, -0.343414, 0.818361, -0.002831, 0.038011, -0.928891, -0.368395, -1.2e-05, 0.0, 0.0, 0.0, 1.0],
                [0.88556, -0.14184, 0.442339, -0.125006, -0.463178, -0.342015, 0.817612, -0.002831, 0.035322, -0.928927, -0.368573, -1.2e-05, 0.0, 0.0, 0.0, 1.0],
                [0.88556, -0.14184, 0.442339, -0.125006, -0.463178, -0.342015, 0.817612, -0.002831, 0.035322, -0.928927, -0.368573, -1.2e-05, 0.0, 0.0, 0.0, 1.0],
                [0.88556, -0.14184, 0.442339, -0.125006, -0.463178, -0.342015, 0.817612, -0.002831, 0.035322, -0.928927, -0.368573, -1.2e-05, 0.0, 0.0, 0.0, 1.0],
                [0.874331, -0.153292, 0.460484, -0.125006, -0.48341, -0.359337, 0.798242, -0.002831, 0.04311, -0.920531, -0.388282, -1.2e-05, 0.0, 0.0, 0.0, 1.0],
                [0.862693, -0.162265, 0.478988, -0.125006, -0.503291, -0.36827, 0.781712, -0.002831, 0.049557, -0.915449, -0.39937, -1.2e-05, 0.0, 0.0, 0.0, 1.0],
                [0.849373, -0.172529, 0.498796, -0.125006, -0.524493, -0.381387, 0.761215, -0.002831, 0.058908, -0.908171, -0.414431, -1.2e-05, 0.0, 0.0, 0.0, 1.0],
                [0.839819, -0.184691, 0.510482, -0.125006, -0.537793, -0.411283, 0.73595, -0.002831, 0.074034, -0.892599, -0.444729, -1.2e-05, 0.0, 0.0, 0.0, 1.0],
                [0.830638, -0.196656, 0.520926, -0.125006, -0.549433, -0.441258, 0.709516, -0.002831, 0.090338, -0.875566, -0.474575, -1.2e-05, 0.0, 0.0, 0.0, 1.0],
                [0.818906, -0.206784, 0.535379, -0.125006, -0.56426, -0.460546, 0.685205, -0.002831, 0.104882, -0.863213, -0.493825, -1.2e-05, 0.0, 0.0, 0.0, 1.0],
                [0.818906, -0.206784, 0.535379, -0.125006, -0.56426, -0.460546, 0.685205, -0.002831, 0.104882, -0.863213, -0.493825, -1.2e-05, 0.0, 0.0, 0.0, 1.0],
                [0.818906, -0.206784, 0.535379, -0.125006, -0.56426, -0.460546, 0.685205, -0.002831, 0.104882, -0.863213, -0.493825, -1.2e-05, 0.0, 0.0, 0.0, 1.0],
                [0.818906, -0.206784, 0.535379, -0.125006, -0.56426, -0.460546, 0.685205, -0.002831, 0.104882, -0.863213, -0.493825, -1.2e-05, 0.0, 0.0, 0.0, 1.0],
                [0.818906, -0.206784, 0.535379, -0.125006, -0.56426, -0.460546, 0.685205, -0.002831, 0.104882, -0.863213, -0.493825, -1.2e-05, 0.0, 0.0, 0.0, 1.0],
                [0.822551, -0.205695, 0.530186, -0.125006, -0.554424, -0.497546, 0.667127, -0.002831, 0.126572, -0.842695, -0.5233, -1.2e-05, 0.0, 0.0, 0.0, 1.0],
                [0.823917, -0.20527, 0.528225, -0.125006, -0.550457, -0.511483, 0.659832, -0.002831, 0.13474, -0.834413, -0.534413, -1.2e-05, 0.0, 0.0, 0.0, 1.0],
                [0.824795, -0.204992, 0.526962, -0.125006, -0.547824, -0.520458, 0.654988, -0.002831, 0.14, -0.828914, -0.541571, -1.2e-05, 0.0, 0.0, 0.0, 1.0],
                [0.826976, -0.204285, 0.523809, -0.125006, -0.540988, -0.542814, 0.642404, -0.002831, 0.153103, -0.814628, -0.559411, -1.2e-05, 0.0, 0.0, 0.0, 1.0],
                [0.830072, -0.203242, 0.519298, -0.125006, -0.530538, -0.574659, 0.623132, -0.002831, 0.171779, -0.792753, -0.584837, -1.2e-05, 0.0, 0.0, 0.0, 1.0],
                [0.832975, -0.20222, 0.515031, -0.125006, -0.519898, -0.604594, 0.603464, -0.002831, 0.189357, -0.770435, -0.608747, -1.2e-05, 0.0, 0.0, 0.0, 1.0],
                [0.83484, -0.201542, 0.51227, -0.125006, -0.512609, -0.623841, 0.58996, -0.002831, 0.200679, -0.755117, -0.62412, -1.2e-05, 0.0, 0.0, 0.0, 1.0],
                [0.836652, -0.200868, 0.509572, -0.125006, -0.505171, -0.642535, 0.576149, -0.002831, 0.211693, -0.739458, -0.639052, -1.2e-05, 0.0, 0.0, 0.0, 1.0],
                [0.838348, -0.200223, 0.507032, -0.125006, -0.497877, -0.660015, 0.562579, -0.002831, 0.222013, -0.724077, -0.65301, -1.2e-05, 0.0, 0.0, 0.0, 1.0],
                [0.839095, -0.199935, 0.50591, -0.125006, -0.49456, -0.667704, 0.556399, -0.002831, 0.22656, -0.717074, -0.659147, -1.2e-05, 0.0, 0.0, 0.0, 1.0],
                [0.841084, -0.199154, 0.502904, -0.125006, -0.485394, -0.688155, 0.539288, -0.002831, 0.238681, -0.697694, -0.675466, -1.2e-05, 0.0, 0.0, 0.0, 1.0],
                [0.842591, -0.198552, 0.500616, -0.125006, -0.47813, -0.703586, 0.525696, -0.002831, 0.247854, -0.682306, -0.687769, -1.2e-05, 0.0, 0.0, 0.0, 1.0],
                [0.843585, -0.198149, 0.499097, -0.125006, -0.47317, -0.713751, 0.516397, -0.002831, 0.253913, -0.671783, -0.695869, -1.2e-05, 0.0, 0.0, 0.0, 1.0],
                [0.843585, -0.198149, 0.499097, -0.125006, -0.47317, -0.713751, 0.516397, -0.002831, 0.253913, -0.671783, -0.695869, -1.2e-05, 0.0, 0.0, 0.0, 1.0],
                [0.843585, -0.198149, 0.499097, -0.125006, -0.47317, -0.713751, 0.516397, -0.002831, 0.253913, -0.671783, -0.695869, -1.2e-05, 0.0, 0.0, 0.0, 1.0],
                [0.843585, -0.198149, 0.499097, -0.125006, -0.47317, -0.713751, 0.516397, -0.002831, 0.253913, -0.671783, -0.695869, -1.2e-05, 0.0, 0.0, 0.0, 1.0],
                [0.843585, -0.198149, 0.499097, -0.125006, -0.47317, -0.713751, 0.516397, -0.002831, 0.253913, -0.671783, -0.695869, -1.2e-05, 0.0, 0.0, 0.0, 1.0],
                [0.843585, -0.198149, 0.499097, -0.125006, -0.47317, -0.713751, 0.516397, -0.002831, 0.253913, -0.671783, -0.695869, -1.2e-05, 0.0, 0.0, 0.0, 1.0],
                [0.843585, -0.198149, 0.499097, -0.125006, -0.47317, -0.713751, 0.516397, -0.002831, 0.253913, -0.671783, -0.695869, -1.2e-05, 0.0, 0.0, 0.0, 1.0],
                [0.843585, -0.198149, 0.499097, -0.125006, -0.47317, -0.713751, 0.516397, -0.002831, 0.253913, -0.671783, -0.695869, -1.2e-05, 0.0, 0.0, 0.0, 1.0],
                [0.843585, -0.198149, 0.499097, -0.125006, -0.47317, -0.713751, 0.516397, -0.002831, 0.253913, -0.671783, -0.695869, -1.2e-05, 0.0, 0.0, 0.0, 1.0],
                [0.843585, -0.198149, 0.499097, -0.125006, -0.47317, -0.713751, 0.516397, -0.002831, 0.253913, -0.671783, -0.695869, -1.2e-05, 0.0, 0.0, 0.0, 1.0],
                [0.843585, -0.198149, 0.499097, -0.125006, -0.47317, -0.713751, 0.516397, -0.002831, 0.253913, -0.671783, -0.695869, -1.2e-05, 0.0, 0.0, 0.0, 1.0],
                [0.843585, -0.198149, 0.499097, -0.125006, -0.47317, -0.713751, 0.516397, -0.002831, 0.253913, -0.671783, -0.695869, -1.2e-05, 0.0, 0.0, 0.0, 1.0],
                [0.843585, -0.198149, 0.499097, -0.125006, -0.47317, -0.713751, 0.516397, -0.002831, 0.253913, -0.671783, -0.695869, -1.2e-05, 0.0, 0.0, 0.0, 1.0],
                [0.843585, -0.198149, 0.499097, -0.125006, -0.47317, -0.713751, 0.516397, -0.002831, 0.253913, -0.671783, -0.695869, -1.2e-05, 0.0, 0.0, 0.0, 1.0],
                [0.843585, -0.198149, 0.499097, -0.125006, -0.47317, -0.713751, 0.516397, -0.002831, 0.253913, -0.671783, -0.695869, -1.2e-05, 0.0, 0.0, 0.0, 1.0],
                [0.843585, -0.198149, 0.499097, -0.125006, -0.47317, -0.713751, 0.516397, -0.002831, 0.253913, -0.671783, -0.695869, -1.2e-05, 0.0, 0.0, 0.0, 1.0],
                [0.843585, -0.198149, 0.499097, -0.125006, -0.47317, -0.713751, 0.516397, -0.002831, 0.253913, -0.671783, -0.695869, -1.2e-05, 0.0, 0.0, 0.0, 1.0],
                [0.943007, -0.251194, 0.218269, -0.125006, -0.331341, -0.769529, 0.545926, -0.002831, 0.030835, -0.587133, -0.808902, -1.2e-05, 0.0, 0.0, 0.0, 1.0],
                [0.953793, -0.28771, -0.086624, -0.125006, -0.203932, -0.831603, 0.516572, -0.002831, -0.220657, -0.475035, -0.851849, -1.2e-05, 0.0, 0.0, 0.0, 1.0],
                [0.882754, -0.275238, -0.380775, -0.125006, -0.098985, -0.901207, 0.421933, -0.002831, -0.459287, -0.334769, -0.822788, -1.2e-05, 0.0, 0.0, 0.0, 1.0]
            ]
        },
        {
            "name": "Leg_L",
            "time": [0.0, 0.2167, 0.2333, 0.3, 0.3333, 0.3667, 0.3833, 0.4167, 0.45, 0.4667, 0.4833, 0.5, 0.5167, 0.5333, 0.55, 0.6333, 0.8333, 1.0167, 1.2667, 1.3167, 1.35, 1.4167, 1.5, 1.5833, 1.65, 1.7167, 1.7667, 1.8, 1.8833, 1.9833, 2.1333, 2.15, 2.1833, 2.25, 2.3333, 2.45, 2.5167, 2.55, 2.75, 2.7667, 2.8167, 2.85, 2.8667, 2.8833, 2.9, 2.9167, 2.9333, 3.2, 3.5, 3.8333],
            "transform": [
                [1.0, -0.0, 0.0, -0.0, -0.0, 0.48007, 0.877231, 0.37472, -1e-06, -0.87723, 0.48007, 0.0, 0.0, 0.0, 0.0, 1.0],
                [1.0, -1e-06, 0.0, 0.0, -0.0, 0.39986, 0.916577, 0.37472, -1e-06, -0.916576, 0.39986, 0.0, 0.0, 0.0, 0.0, 1.0],
                [1.0, -1e-06, 1e-06, -0.0, -0.0, 0.390615, 0.920555, 0.37472, -1e-06, -0.920554, 0.390615, -0.0, 0.0, 0.0, 0.0, 1.0],
                [1.0, -0.0, 1e-06, 0.0, -0.0, 0.373709, 0.927547, 0.37472, -1e-06, -0.927546, 0.373709, 0.0, 0.0, 0.0, 0.0, 1.0],
                [1.0, -1e-06, 1e-06, 0.0, -0.0, 0.368269, 0.92972, 0.37472, -1e-06, -0.929719, 0.368269, 0.0, 0.0, 0.0, 0.0, 1.0],
                [1.0, -1e-06, 1e-06, -0.0, -0.0, 0.366254, 0.930515, 0.37472, -1e-06, -0.930515, 0.366254, 0.0, 0.0, 0.0, 0.0, 1.0],
