{
    "animation": [
        {
            "name": "Root",
            "time": [0.0, 0.02, 0.04, 0.06, 0.08, 0.1, 0.12, 0.14, 0.16, 0.18, 0.2, 0.22, 0.24, 0.26, 0.28, 0.3, 0.32, 0.34, 0.36, 0.38, 0.4, 0.42, 0.44, 0.46, 0.48, 0.5, 0.52, 0.54, 0.56, 0.58, 0.6, 0.62, 0.64, 0.66, 0.68, 0.7, 0.72, 0.74, 0.76, 0.78, 0.8, 0.82, 0.84, 0.86, 0.88, 0.9, 0.92, 0.94, 0.96, 0.98, 1.0, 1.02, 1.04, 1.06, 1.08, 1.1, 1.12, 1.14, 1.16, 1.18, 1.2, 1.22, 1.24, 1.26, 1.28, 1.3, 1.32, 1.34, 1.36, 1.38, 1.4, 1.42, 1.44, 1.46, 1.48, 1.5, 1.52, 1.54, 1.56, 1.58, 1.6, 1.62, 1.64, 1.66, 1.68, 1.7, 1.72, 1.74, 1.76, 1.78, 1.8, 1.82, 1.84, 1.86, 1.88, 1.9, 1.92, 1.94, 1.96, 1.98, 2.0],
            "transform": [
                [0.944852, 0.0, 0.327497, 0.031677, 0.327497, 0.0, -0.944852, 0.015405, 0.0, 1.0, 0.0, 0.735356, 0.0, 0.0, 0.0, 1.0],
                [0.944824, 0.000437, 0.327579, 0.031677, 0.327578, 0.00069, -0.944824, 0.016464, -0.000639, 1.0, 0.000509, 0.731679, 0.0, 0.0, 0.0, 1.0],
                [0.944625, 0.00151, 0.328149, 0.031677, 0.328144, 0.002971, -0.944623, 0.019727, -0.002401, 0.999994, 0.002311, 0.721984, 0.0, 0.0, 0.0, 1.0],
                [0.944082, 0.002859, 0.329698, 0.031677, 0.329672, 0.007156, -0.944069, 0.025326, -0.005058, 0.99997, 0.005813, 0.708278, 0.0, 0.0, 0.0, 1.0],
                [0.943019, 0.004115, 0.332714, 0.031677, 0.332634, 0.013564, -0.942958, 0.033391, -0.008393, 0.9999, 0.011422, 0.692567, 0.0, 0.0, 0.0, 1.0],
                [0.941248, 0.00489, 0.33768, 0.031677, 0.337495, 0.022508, -0.941058, 0.044053, -0.012203, 0.999735, 0.019535, 0.676855, 0.0, 0.0, 0.0, 1.0],
                [0.938568, 0.004771, 0.345061, 0.031677, 0.344709, 0.034298, -0.938083, 0.057442, -0.016311, 0.9994, 0.030546, 0.663149, 0.0, 0.0, 0.0, 1.0],
                [0.934748, 0.003307, 0.355296, 0.031677, 0.354715, 0.049226, -0.933678, 0.073689, -0.020578, 0.998782, 0.044841, 0.653454, 0.0, 0.0, 0.0, 1.0],
                [0.929518, -0.0, 0.368778, 0.031677, 0.367935, 0.067557, -0.927394, 0.092925, -0.024913, 0.997715, 0.062795, 0.649777, 0.0, 0.0, 0.0, 1.0],
                [0.918951, -0.007035, 0.394309, 0.031677, 0.393324, 0.0892, -0.915063, 0.11514, -0.028735, 0.995989, 0.084737, 0.685205, 0.0, 0.0, 0.0, 1.0],
                [0.899079, -0.019309, 0.437361, 0.031677, 0.436599, 0.113096, -0.892519, 0.139761, -0.03223, 0.993396, 0.110113, 0.783318, 0.0, 0.0, 0.0, 1.0],
                [0.869253, -0.036689, 0.493005, 0.031677, 0.493023, 0.137841, -0.859027, 0.166077, -0.036439, 0.989775, 0.137907, 0.931859, 0.0, 0.0, 0.0, 1.0],
                [0.829109, -0.05873, 0.555994, 0.031677, 0.557494, 0.161887, -0.814244, 0.193375, -0.042188, 0.98506, 0.166963, 1.118572, 0.0, 0.0, 0.0, 1.0],
                [0.779239, -0.08453, 0.621001, 0.031677, 0.624734, 0.183737, -0.758913, 0.220942, -0.04995, 0.979334, 0.195984, 1.331199, 0.0, 0.0, 0.0, 1.0],
                [0.721596, -0.112707, 0.683078, 0.031677, 0.689732, 0.202169, -0.695267, 0.248066, -0.059736, 0.972844, 0.223623, 1.557485, 0.0, 0.0, 0.0, 1.0],
                [0.659549, -0.14149, 0.738225, 0.031677, 0.748294, 0.216456, -0.627058, 0.274035, -0.07107, 0.965985, 0.24864, 1.785172, 0.0, 0.0, 0.0, 1.0],
                [0.597585, -0.168916, 0.783811, 0.031677, 0.797493, 0.226473, -0.55921, 0.298136, -0.083053, 0.959259, 0.270047, 2.002003, 0.0, 0.0, 0.0, 1.0],
                [0.540805, -0.193044, 0.818697, 0.031677, 0.835823, 0.232677, -0.497254, 0.319656, -0.0945, 0.953203, 0.287184, 2.195723, 0.0, 0.0, 0.0, 1.0],
                [0.494399, -0.21211, 0.842959, 0.031677, 0.862976, 0.235938, -0.446772, 0.337884, -0.104121, 0.948337, 0.299693, 2.354073, 0.0, 0.0, 0.0, 1.0],
                [0.463293, -0.224568, 0.85728, 0.031677, 0.879268, 0.237282, -0.413019, 0.352105, -0.110666, 0.945128, 0.307387, 2.464798, 0.0, 0.0, 0.0, 1.0],
                [0.451995, -0.229024, 0.862119, 0.031677, 0.884828, 0.237599, -0.400783, 0.36161, -0.11305, 0.943978, 0.31004, 2.515641, 0.0, 0.0, 0.0, 1.0],
                [0.451996, -0.229024, 0.862118, 0.031677, 0.884828, 0.237599, -0.400783, 0.368221, -0.11305, 0.943978, 0.31004, 2.531737, 0.0, 0.0, 0.0, 1.0],
                [0.451996, -0.229023, 0.862118, 0.031677, 0.884827, 0.237599, -0.400783, 0.374259, -0.113049, 0.943978, 0.31004, 2.546434, 0.0, 0.0, 0.0, 1.0],
                [0.451996, -0.229023, 0.862118, 0.031677, 0.884828, 0.237599, -0.400783, 0.379747, -0.11305, 0.943978, 0.31004, 2.559796, 0.0, 0.0, 0.0, 1.0],
                [0.451996, -0.229023, 0.862118, 0.031677, 0.884828, 0.237599, -0.400783, 0.384714, -0.11305, 0.943978, 0.31004, 2.571887, 0.0, 0.0, 0.0, 1.0],
                [0.451996, -0.229023, 0.862118, 0.031677, 0.884828, 0.237599, -0.400783, 0.389184, -0.11305, 0.943978, 0.31004, 2.582769, 0.0, 0.0, 0.0, 1.0],
                [0.451996, -0.229023, 0.862118, 0.031677, 0.884828, 0.237599, -0.400783, 0.393184, -0.11305, 0.943978, 0.31004, 2.592507, 0.0, 0.0, 0.0, 1.0],
                [0.451996, -0.229023, 0.862118, 0.031677, 0.884828, 0.237599, -0.400783, 0.39674, -0.11305, 0.943978, 0.31004, 2.601164, 0.0, 0.0, 0.0, 1.0],
                [0.451996, -0.229023, 0.862118, 0.031677, 0.884828, 0.237599, -0.400783, 0.399879, -0.11305, 0.943978, 0.31004, 2.608804, 0.0, 0.0, 0.0, 1.0],
                [0.451996, -0.229023, 0.862118, 0.031677, 0.884828, 0.237599, -0.400783, 0.402625, -0.11305, 0.943978, 0.31004, 2.61549, 0.0, 0.0, 0.0, 1.0],
                [0.451996, -0.229023, 0.862118, 0.031677, 0.884828, 0.237599, -0.400783, 0.405006, -0.11305, 0.943978, 0.31004, 2.621286, 0.0, 0.0, 0.0, 1.0],
                [0.451996, -0.229023, 0.862118, 0.031677, 0.884828, 0.237599, -0.400783, 0.407048, -0.11305, 0.943978, 0.31004, 2.626256, 0.0, 0.0, 0.0, 1.0],
                [0.451996, -0.229023, 0.862118, 0.031677, 0.884828, 0.237599, -0.400783, 0.408776, -0.11305, 0.943978, 0.31004, 2.630463, 0.0, 0.0, 0.0, 1.0],
                [0.451996, -0.229023, 0.862118, 0.031677, 0.884828, 0.237599, -0.400783, 0.410216, -0.11305, 0.943978, 0.31004, 2.63397, 0.0, 0.0, 0.0, 1.0],
                [0.451996, -0.229023, 0.862118, 0.031677, 0.884828, 0.237599, -0.400783, 0.411396, -0.11305, 0.943978, 0.31004, 2.636842, 0.0, 0.0, 0.0, 1.0],
                [0.451996, -0.229023, 0.862118, 0.031677, 0.884828, 0.237599, -0.400783, 0.412341, -0.11305, 0.943978, 0.31004, 2.639141, 0.0, 0.0, 0.0, 1.0],
                [0.451996, -0.229023, 0.862118, 0.031677, 0.884828, 0.237599, -0.400783, 0.413076, -0.11305, 0.943978, 0.31004, 2.640932, 0.0, 0.0, 0.0, 1.0],
                [0.451996, -0.229023, 0.862118, 0.031677, 0.884828, 0.237599, -0.400783, 0.413629, -0.11305, 0.943978, 0.31004, 2.642278, 0.0, 0.0, 0.0, 1.0],
                [0.451996, -0.229023, 0.862118, 0.031677, 0.884828, 0.237599, -0.400783, 0.414025, -0.11305, 0.943978, 0.31004, 2.643242, 0.0, 0.0, 0.0, 1.0],
                [0.451996, -0.229023, 0.862118, 0.031677, 0.884828, 0.237599, -0.400783, 0.414291, -0.11305, 0.943978, 0.31004, 2.643888, 0.0, 0.0, 0.0, 1.0],
                [0.451996, -0.229023, 0.862118, 0.031677, 0.884828, 0.237599, -0.400783, 0.414452, -0.11305, 0.943978, 0.31004, 2.64428, 0.0, 0.0, 0.0, 1.0],
                [0.451996, -0.229023, 0.862118, 0.031677, 0.884828, 0.237599, -0.400783, 0.414534, -0.11305, 0.943978, 0.31004, 2.644482, 0.0, 0.0, 0.0, 1.0],
                [0.451996, -0.229023, 0.862118, 0.031677, 0.884828, 0.237599, -0.400783, 0.414565, -0.11305, 0.943978, 0.31004, 2.644556, 0.0, 0.0, 0.0, 1.0],
                [0.451996, -0.229023, 0.862118, 0.031677, 0.884828, 0.237599, -0.400783, 0.414569, -0.11305, 0.943978, 0.31004, 2.644567, 0.0, 0.0, 0.0, 1.0],
                [0.451996, -0.229023, 0.862118, 0.031677, 0.884828, 0.237599, -0.400783, 0.414569, -0.11305, 0.943978, 0.31004, 2.644567, 0.0, 0.0, 0.0, 1.0],
                [0.451996, -0.229023, 0.862118, 0.031677, 0.884828, 0.237599, -0.400783, 0.414569, -0.11305, 0.943978, 0.31004, 2.644567, 0.0, 0.0, 0.0, 1.0],
                [0.451996, -0.229023, 0.862118, 0.031677, 0.884828, 0.237599, -0.400783, 0.414569, -0.11305, 0.943978, 0.31004, 2.644567, 0.0, 0.0, 0.0, 1.0],
                [0.451996, -0.229023, 0.862118, 0.031677, 0.884828, 0.237599, -0.400783, 0.414569, -0.11305, 0.943978, 0.31004, 2.644567, 0.0, 0.0, 0.0, 1.0],
                [0.451996, -0.229023, 0.862118, 0.031677, 0.884828, 0.237599, -0.400783, 0.414569, -0.11305, 0.943978, 0.31004, 2.644567, 0.0, 0.0, 0.0, 1.0],
                [0.451996, -0.229023, 0.862118, 0.031677, 0.884828, 0.237599, -0.400783, 0.414569, -0.11305, 0.943978, 0.31004, 2.644567, 0.0, 0.0, 0.0, 1.0],
                [0.451996, -0.229023, 0.862118, 0.031677, 0.884828, 0.237599, -0.400783, 0.414569, -0.11305, 0.943978, 0.31004, 2.644567, 0.0, 0.0, 0.0, 1.0],
                [0.451996, -0.229023, 0.862118, 0.031677, 0.884828, 0.237599, -0.400783, 0.414569, -0.11305, 0.943978, 0.31004, 2.644567, 0.0, 0.0, 0.0, 1.0],
                [0.451996, -0.229023, 0.862118, 0.031677, 0.884828, 0.237599, -0.400783, 0.414569, -0.11305, 0.943978, 0.31004, 2.644567, 0.0, 0.0, 0.0, 1.0],
                [0.451996, -0.229023, 0.862118, 0.031677, 0.884828, 0.237599, -0.400783, 0.414569, -0.11305, 0.943978, 0.31004, 2.644567, 0.0, 0.0, 0.0, 1.0],
                [0.451996, -0.229023, 0.862118, 0.031677, 0.884828, 0.237599, -0.400783, 0.414569, -0.11305, 0.943978, 0.31004, 2.644567, 0.0, 0.0, 0.0, 1.0],
                [0.451996, -0.229023, 0.862118, 0.031677, 0.884828, 0.237599, -0.400783, 0.414569, -0.11305, 0.943978, 0.31004, 2.644567, 0.0, 0.0, 0.0, 1.0],
                [0.456147, -0.2279, 0.860227, 0.031677, 0.882695, 0.238665, -0.404832, 0.415048, -0.113045, 0.943981, 0.310032, 2.644532, 0.0, 0.0, 0.0, 1.0],
                [0.46788, -0.224683, 0.854755, 0.031677, 0.876534, 0.241662, -0.416278, 0.416396, -0.113031, 0.94399, 0.310011, 2.64429, 0.0, 0.0, 0.0, 1.0],
                [0.486057, -0.219575, 0.845893, 0.031677, 0.866589, 0.246265, -0.434024, 0.418482, -0.113013, 0.944002, 0.30998, 2.643633, 0.0, 0.0, 0.0, 1.0],
                [0.509486, -0.21276, 0.833761, 0.031677, 0.853028, 0.252119, -0.456924, 0.421175, -0.112991, 0.944018, 0.309941, 2.642354, 0.0, 0.0, 0.0, 1.0],
                [0.536946, -0.204426, 0.818473, 0.031677, 0.836018, 0.258861, -0.483802, 0.424343, -0.112969, 0.944034, 0.309898, 2.640246, 0.0, 0.0, 0.0, 1.0],
                [0.567206, -0.194782, 0.800211, 0.031677, 0.815794, 0.266134, -0.513471, 0.427855, -0.112949, 0.944051, 0.309855, 2.637101, 0.0, 0.0, 0.0, 1.0],
                [0.599058, -0.184068, 0.779261, 0.031677, 0.792702, 0.2736, -0.544764, 0.43158, -0.112932, 0.944067, 0.309813, 2.632711, 0.0, 0.0, 0.0, 1.0],
                [0.631349, -0.172566, 0.756055, 0.031677, 0.767233, 0.280953, -0.576558, 0.435387, -0.112921, 0.94408, 0.309778, 2.62687, 0.0, 0.0, 0.0, 1.0],
                [0.66302, -0.160596, 0.731173, 0.031677, 0.740037, 0.287934, -0.607816, 0.439143, -0.112917, 0.944088, 0.309753, 2.619369, 0.0, 0.0, 0.0, 1.0],
                [0.69313, -0.148511, 0.705347, 0.031677, 0.711913, 0.294339, -0.637609, 0.442718, -0.112919, 0.944092, 0.309742, 2.610002, 0.0, 0.0, 0.0, 1.0],
                [0.720882, -0.136691, 0.679444, 0.031677, 0.683795, 0.300022, -0.66514, 0.445981, -0.11293, 0.944088, 0.309749, 2.598561, 0.0, 0.0, 0.0, 1.0],
                [0.745626, -0.125533, 0.654433, 0.031677, 0.656722, 0.304896, -0.689749, 0.448799, -0.112948, 0.944076, 0.309779, 2.584839, 0.0, 0.0, 0.0, 1.0],
                [0.766853, -0.11544, 0.631356, 0.031677, 0.631802, 0.308924, -0.71091, 0.451042, -0.112974, 0.944055, 0.309834, 2.568628, 0.0, 0.0, 0.0, 1.0],
                [0.784164, -0.106814, 0.611292, 0.031677, 0.610177, 0.312109, -0.728198, 0.452578, -0.113007, 0.944023, 0.30992, 2.549721, 0.0, 0.0, 0.0, 1.0],
                [0.797228, -0.100055, 0.595329, 0.031677, 0.592999, 0.314474, -0.741255, 0.453277, -0.11305, 0.943978, 0.31004, 2.527911, 0.0, 0.0, 0.0, 1.0],
                [0.806908, -0.094758, 0.583027, 0.031677, 0.579724, 0.316252, -0.750936, 0.4535, -0.113226, 0.943931, 0.31012, 2.49547, 0.0, 0.0, 0.0, 1.0],
                [0.814499, -0.090223, 0.573107, 0.031677, 0.568927, 0.317699, -0.758544, 0.453702, -0.113637, 0.943889, 0.310096, 2.446067, 0.0, 0.0, 0.0, 1.0],
                [0.820308, -0.086393, 0.56536, 0.031677, 0.560396, 0.318874, -0.764379, 0.453882, -0.114242, 0.943852, 0.309989, 2.381593, 0.0, 0.0, 0.0, 1.0],
                [0.82461, -0.083202, 0.55955, 0.031677, 0.55389, 0.319822, -0.768713, 0.454042, -0.114998, 0.943818, 0.309813, 2.303936, 0.0, 0.0, 0.0, 1.0],
                [0.827654, -0.080585, 0.555423, 0.031677, 0.549148, 0.320582, -0.771792, 0.454184, -0.115864, 0.943787, 0.309584, 2.214987, 0.0, 0.0, 0.0, 1.0],
                [0.829673, -0.078472, 0.552707, 0.031677, 0.545895, 0.321186, -0.773846, 0.454308, -0.116796, 0.943759, 0.309316, 2.116633, 0.0, 0.0, 0.0, 1.0],
                [0.830882, -0.076792, 0.551125, 0.031677, 0.543847, 0.32166, -0.775091, 0.454415, -0.117754, 0.943736, 0.309024, 2.010765, 0.0, 0.0, 0.0, 1.0],
                [0.83149, -0.075474, 0.550389, 0.031677, 0.542712, 0.322026, -0.775733, 0.454507, -0.118692, 0.943717, 0.308722, 1.899272, 0.0, 0.0, 0.0, 1.0],
                [0.8317, -0.074444, 0.550211, 0.031677, 0.542197, 0.322307, -0.775977, 0.454585, -0.11957, 0.943704, 0.308426, 1.784042, 0.0, 0.0, 0.0, 1.0],
                [0.831714, -0.07363, 0.550301, 0.031677, 0.542005, 0.322518, -0.776024, 0.45465, -0.120344, 0.943695, 0.308151, 1.666966, 0.0, 0.0, 0.0, 1.0],
                [0.83173, -0.072957, 0.550365, 0.031677, 0.54184, 0.322679, -0.776072, 0.454703, -0.120972, 0.943692, 0.307913, 1.549933, 0.0, 0.0, 0.0, 1.0],
                [0.831948, -0.072353, 0.550115, 0.031677, 0.541406, 0.322806, -0.776322, 0.454745, -0.121412, 0.943695, 0.30773, 1.434831, 0.0, 0.0, 0.0, 1.0],
                [0.832568, -0.071743, 0.549258, 0.031677, 0.540406, 0.322916, -0.776972, 0.454778, -0.121622, 0.943704, 0.30762, 1.323551, 0.0, 0.0, 0.0, 1.0],
                [0.833784, -0.071054, 0.547499, 0.031677, 0.538542, 0.323025, -0.778221, 0.454803, -0.12156, 0.94372, 0.307598, 1.217981, 0.0, 0.0, 0.0, 1.0],
                [0.835789, -0.070211, 0.544543, 0.031677, 0.53551, 0.323146, -0.78026, 0.454821, -0.121184, 0.943741, 0.307681, 1.120011, 0.0, 0.0, 0.0, 1.0],
                [0.838764, -0.069142, 0.540087, 0.031677, 0.531005, 0.323295, -0.783271, 0.454833, -0.12045, 0.943769, 0.307883, 1.03153, 0.0, 0.0, 0.0, 1.0],
                [0.842879, -0.067771, 0.533819, 0.031677, 0.524709, 0.323481, -0.787427, 0.45484, -0.119316, 0.943805, 0.308215, 0.954428, 0.0, 0.0, 0.0, 1.0],
                [0.84828, -0.066023, 0.525416, 0.031677, 0.516294, 0.323711, -0.792876, 0.454844, -0.117735, 0.94385, 0.308685, 0.890593, 0.0, 0.0, 0.0, 1.0],
                [0.855088, -0.063823, 0.51454, 0.031677, 0.505417, 0.323987, -0.799741, 0.454846, -0.115662, 0.943906, 0.309294, 0.841916, 0.0, 0.0, 0.0, 1.0],
                [0.863385, -0.061095, 0.500832, 0.031677, 0.491717, 0.324303, -0.80811, 0.454846, -0.11305, 0.943978, 0.31004, 0.810284, 0.0, 0.0, 0.0, 1.0],
                [0.873209, -0.056176, 0.484098, 0.031677, 0.475484, 0.31603, -0.820999, 0.454474, -0.106869, 0.947085, 0.302671, 0.789979, 0.0, 0.0, 0.0, 1.0],
                [0.884106, -0.048397, 0.464773, 0.031677, 0.457442, 0.292725, -0.839678, 0.453464, -0.095413, 0.954971, 0.280939, 0.773719, 0.0, 0.0, 0.0, 1.0],
                [0.895433, -0.039119, 0.443474, 0.031677, 0.437848, 0.257618, -0.861349, 0.451977, -0.080551, 0.965455, 0.247808, 0.761056, 0.0, 0.0, 0.0, 1.0],
                [0.906594, -0.029552, 0.420968, 0.031677, 0.417118, 0.214111, -0.883272, 0.45017, -0.064032, 0.976362, 0.206438, 0.75154, 0.0, 0.0, 0.0, 1.0],
                [0.917045, -0.020665, 0.398248, 0.031677, 0.395954, 0.165938, -0.903153, 0.448204, -0.047421, 0.98592, 0.160355, 0.744722, 0.0, 0.0, 0.0, 1.0],
                [0.926314, -0.013128, 0.376523, 0.031677, 0.375387, 0.11715, -0.919435, 0.446238, -0.032039, 0.993027, 0.113446, 0.740151, 0.0, 0.0, 0.0, 1.0],
                [0.934016, -0.007288, 0.357156, 0.031677, 0.356729, 0.071976, -0.931431, 0.444431, -0.018918, 0.99738, 0.069827, 0.737379, 0.0, 0.0, 0.0, 1.0],
                [0.939846, -0.003215, 0.341585, 0.031677, 0.341486, 0.034658, -0.939248, 0.442944, -0.008819, 0.999394, 0.033671, 0.735955, 0.0, 0.0, 0.0, 1.0],
                [0.943546, -0.000813, 0.331239, 0.031677, 0.331232, 0.009327, -0.943503, 0.441934, -0.002322, 0.999956, 0.00907, 0.735431, 0.0, 0.0, 0.0, 1.0],
                [0.944852, 0.0, 0.327497, 0.031677, 0.327497, -0.0, -0.944852, 0.441562, 0.0, 1.0, -0.0, 0.735356, 0.0, 0.0, 0.0, 1.0]
            ]
        },
        {
            "name": "Thigh_R",
            "time": [0.0, 0.02, 0.04, 0.06, 0.08, 0.1, 0.12, 0.14, 0.16, 0.18, 0.2, 0.22, 0.24, 0.26, 0.28, 0.3, 0.32, 0.34, 0.36, 0.38, 0.4, 0.42, 0.44, 0.46, 0.48, 0.5, 0.52, 0.54, 0.56, 0.58, 0.6, 0.62, 0.64, 0.66, 0.68, 0.7, 0.72, 0.74, 0.76, 0.78, 0.8, 0.82, 0.84, 0.86, 0.88, 0.9, 0.92, 0.94, 0.96, 0.98, 1.0, 1.02, 1.04, 1.06, 1.08, 1.1, 1.12, 1.14, 1.16, 1.18, 1.2, 1.22, 1.24, 1.26, 1.28, 1.3, 1.32, 1.34, 1.36, 1.38, 1.4, 1.42, 1.44, 1.46, 1.48, 1.5, 1.52, 1.54, 1.56, 1.58, 1.6, 1.62, 1.64, 1.66, 1.68, 1.7, 1.72, 1.74, 1.76, 1.78, 1.8, 1.82, 1.84, 1.86, 1.88, 1.9, 1.92, 1.94, 1.96, 1.98, 2.0],
            "transform": [
                [0.957709, 0.189705, 0.216343, 0.124994, 0.113996, -0.940509, 0.320071, -0.002831, 0.264192, -0.281872, -0.922362, -1.2e-05, 0.0, 0.0, 0.0, 1.0],
                [0.957466, 0.197658, 0.210211, 0.124994, 0.114904, -0.929451, 0.350591, -0.002831, 0.264678, -0.311525, -0.912632, -1.2e-05, 0.0, 0.0, 0.0, 1.0],
                [0.95671, 0.213944, 0.197314, 0.124994, 0.117247, -0.903828, 0.411515, -0.002831, 0.26638, -0.370565, -0.889788, -1.2e-05, 0.0, 0.0, 0.0, 1.0],
                [0.955386, 0.231794, 0.18305, 0.124994, 0.120466, -0.871673, 0.475048, -0.002831, 0.269674, -0.431802, -0.860711, -1.2e-05, 0.0, 0.0, 0.0, 1.0],
                [0.953436, 0.249022, 0.170142, 0.124994, 0.123977, -0.837877, 0.531591, -0.002831, 0.274936, -0.485744, -0.829737, -1.2e-05, 0.0, 0.0, 0.0, 1.0],
                [0.950798, 0.264927, 0.160609, 0.124994, 0.127149, -0.806427, 0.5775, -0.002831, 0.282515, -0.528665, -0.800437, -1.2e-05, 0.0, 0.0, 0.0, 1.0],
                [0.947424, 0.279133, 0.156434, 0.124994, 0.129279, -0.781126, 0.610842, -0.002831, 0.292701, -0.558502, -0.776145, -1.2e-05, 0.0, 0.0, 0.0, 1.0],
                [0.943267, 0.291085, 0.159738, 0.124994, 0.129582, -0.765661, 0.630055, -0.002831, 0.305705, -0.573609, -0.759944, -1.2e-05, 0.0, 0.0, 0.0, 1.0],
                [0.938281, 0.299625, 0.172781, 0.124994, 0.127195, -0.763456, 0.63321, -0.002831, 0.321636, -0.572151, -0.754449, -1.2e-05, 0.0, 0.0, 0.0, 1.0],
                [0.931196, 0.286605, 0.225234, 0.124994, 0.110737, -0.811117, 0.574303, -0.002831, 0.34729, -0.509846, -0.787049, -1.2e-05, 0.0, 0.0, 0.0, 1.0],
                [0.921307, 0.239955, 0.305964, 0.124994, 0.082775, -0.889868, 0.448643, -0.002831, 0.379922, -0.388011, -0.839706, -1.2e-05, 0.0, 0.0, 0.0, 1.0],
                [0.910043, 0.196435, 0.365013, 0.124994, 0.056126, -0.930865, 0.361023, -0.002831, 0.410696, -0.308059, -0.858154, -1.2e-05, 0.0, 0.0, 0.0, 1.0],
                [0.898421, 0.202315, 0.389753, 0.124994, 0.031368, -0.914846, 0.402579, -0.002831, 0.438012, -0.349459, -0.828266, -1.2e-05, 0.0, 0.0, 0.0, 1.0],
                [0.887256, 0.246657, 0.38979, 0.124994, 0.007865, -0.85299, 0.521866, -0.002831, 0.461209, -0.459963, -0.758762, -1.2e-05, 0.0, 0.0, 0.0, 1.0],
                [0.877623, 0.300757, 0.373259, 0.124994, -0.014352, -0.761839, 0.647606, -0.00283, 0.479135, -0.57371, -0.664293, -1.2e-05, 0.0, 0.0, 0.0, 1.0],
                [0.871014, 0.351705, 0.342985, 0.124994, -0.034982, -0.651997, 0.757413, -0.002831, 0.490011, -0.671714, -0.555597, -1.2e-05, 0.0, 0.0, 0.0, 1.0],
                [0.869259, 0.391696, 0.301601, 0.124994, -0.053634, -0.531762, 0.845193, -0.002831, 0.491439, -0.750866, -0.441232, -1.2e-05, 0.0, 0.0, 0.0, 1.0],
                [0.874224, 0.414428, 0.252944, 0.124994, -0.069786, -0.408306, 0.910173, -0.00283, 0.48048, -0.813346, -0.32803, -1.2e-05, 0.0, 0.0, 0.0, 1.0],
                [0.887323, 0.414537, 0.202031, 0.124994, -0.082408, -0.288512, 0.953923, -0.002832, 0.453726, -0.863085, -0.221843, -1.2e-05, 0.0, 0.0, 0.0, 1.0],
                [0.908916, 0.387373, 0.154316, 0.124994, -0.089102, -0.181101, 0.97942, -0.002831, 0.407348, -0.903959, -0.13009, -1.2e-05, 0.0, 0.0, 0.0, 1.0],
                [0.937618, 0.328532, 0.113744, 0.124994, -0.085166, -0.100152, 0.99132, -0.002831, 0.337072, -0.939166, -0.065925, -1.2e-05, 0.0, 0.0, 0.0, 1.0],
                [0.97266, 0.223119, 0.064414, 0.124994, -0.055569, -0.045704, 0.997408, -0.00283, 0.225485, -0.973717, -0.032056, -1.2e-05, 0.0, 0.0, 0.0, 1.0],
                [0.987482, 0.151406, 0.044201, 0.124994, -0.043113, -0.010465, 0.999015, -0.002831, 0.15172, -0.988414, -0.003807, -1.2e-05, 0.0, 0.0, 0.0, 1.0],
                [0.968253, 0.218282, 0.121816, 0.124994, -0.124618, -0.000941, 0.992204, -0.00283, 0.216695, -0.975883, 0.026291, -1.2e-05, 0.0, 0.0, 0.0, 1.0],
                [0.900681, 0.352508, 0.25399, 0.124994, -0.260203, -0.03052, 0.965071, -0.00283, 0.347947, -0.935309, 0.064235, -1.2e-05, 0.0, 0.0, 0.0, 1.0],
                [0.804291, 0.462176, 0.373509, 0.124994, -0.377858, -0.087345, 0.921734, -0.002831, 0.458628, -0.882474, 0.104386, -1.2e-05, 0.0, 0.0, 0.0, 1.0],
                [0.720448, 0.524279, 0.453967, 0.124994, -0.450984, -0.143106, 0.880985, -0.002831, 0.526847, -0.839434, 0.133341, -1.2e-05, 0.0, 0.0, 0.0, 1.0],
                [0.667896, 0.554084, 0.496895, 0.124994, -0.48516, -0.182154, 0.855242, -0.002831, 0.564388, -0.812285, 0.14716, -1.2e-05, 0.0, 0.0, 0.0, 1.0],
                [0.640628, 0.571339, 0.512997, 0.124994, -0.494632, -0.203945, 0.844835, -0.002831, 0.587311, -0.794968, 0.15195, -1.2e-05, 0.0, 0.0, 0.0, 1.0],
                [0.634662, 0.581422, 0.509069, 0.124994, -0.48702, -0.210537, 0.847635, -0.002831, 0.600013, -0.785887, 0.149545, -1.2e-05, 0.0, 0.0, 0.0, 1.0],
                [0.664912, 0.572866, 0.479286, 0.124994, -0.456471, -0.196246, 0.867826, -0.002831, 0.591206, -0.795807, 0.131011, -1.2e-05, 0.0, 0.0, 0.0, 1.0],
                [0.726524, 0.54051, 0.424277, 0.124994, -0.40242, -0.165798, 0.900316, -0.00283, 0.556975, -0.824837, 0.097056, -1.2e-05, 0.0, 0.0, 0.0, 1.0],
                [0.797948, 0.488865, 0.352546, 0.124994, -0.331804, -0.132016, 0.934065, -0.00283, 0.503175, -0.86231, 0.056866, -1.2e-05, 0.0, 0.0, 0.0, 1.0],
                [0.861278, 0.427227, 0.275092, 0.124994, -0.254877, -0.105119, 0.961243, -0.002831, 0.439587, -0.89801, 0.018354, -1.2e-05, 0.0, 0.0, 0.0, 1.0],
                [0.913326, 0.357041, 0.19585, 0.124994, -0.176034, -0.087529, 0.980485, -0.002831, 0.367217, -0.929977, -0.017091, -1.2e-05, 0.0, 0.0, 0.0, 1.0],
                [0.953144, 0.278829, 0.11735, 0.124994, -0.098823, -0.079646, 0.991913, -0.002831, 0.285921, -0.95703, -0.04836, -1.2e-05, 0.0, 0.0, 0.0, 1.0],
                [0.97954, 0.196448, 0.043684, 0.124994, -0.028276, -0.080568, 0.996348, -0.00283, 0.19925, -0.977196, -0.073365, -1.2e-05, 0.0, 0.0, 0.0, 1.0],
                [0.992919, 0.117178, -0.019538, 0.124994, 0.029891, -0.087258, 0.995737, -0.00283, 0.114973, -0.989268, -0.090143, -1.2e-05, 0.0, 0.0, 0.0, 1.0],
                [0.996556, 0.049911, -0.06622, 0.124994, 0.070727, -0.094744, 0.992986, -0.002831, 0.043288, -0.994248, -0.097948, -1.2e-05, 0.0, 0.0, 0.0, 1.0],
                [0.99638, 0.003766, -0.084923, 0.124994, 0.084838, -0.106973, 0.990636, -0.00283, -0.005354, -0.994253, -0.106905, -1.2e-05, 0.0, 0.0, 0.0, 1.0],
                [0.997571, -0.013425, -0.068348, 0.124994, 0.066079, -0.127914, 0.989582, -0.002831, -0.022027, -0.991693, -0.126716, -1.2e-05, 0.0, 0.0, 0.0, 1.0],
                [0.999418, -0.015909, -0.030168, 0.124994, 0.027309, -0.156594, 0.987285, -0.002831, -0.020431, -0.987533, -0.156069, -1.2e-05, 0.0, 0.0, 0.0, 1.0],
                [0.996253, 0.055659, 0.066187, 0.124994, -0.054178, -0.194841, 0.979337, -0.00283, 0.067405, -0.979252, -0.191096, -1.2e-05, 0.0, 0.0, 0.0, 1.0],
                [0.964539, 0.171681, 0.200475, 0.124994, -0.153371, -0.253589, 0.955076, -0.002831, 0.214807, -0.951953, -0.218266, -1.2e-05, 0.0, 0.0, 0.0, 1.0],
                [0.91586, 0.251223, 0.313189, 0.124994, -0.226133, -0.321794, 0.919409, -0.002831, 0.331759, -0.91287, -0.237909, -1.2e-05, 0.0, 0.0, 0.0, 1.0],
                [0.856848, 0.311507, 0.410821, 0.124994, -0.278629, -0.390658, 0.877355, -0.002831, 0.433793, -0.866225, -0.247941, -1.2e-05, 0.0, 0.0, 0.0, 1.0],
                [0.796111, 0.35561, 0.489641, 0.124994, -0.312456, -0.451373, 0.835843, -0.002831, 0.518246, -0.818413, -0.248231, -1.2e-05, 0.0, 0.0, 0.0, 1.0],
                [0.743653, 0.386562, 0.545481, 0.124994, -0.330992, -0.496019, 0.802751, -0.002831, 0.580883, -0.777516, -0.240918, -1.2e-05, 0.0, 0.0, 0.0, 1.0],
                [0.710759, 0.406963, 0.573761, 0.124994, -0.338277, -0.517406, 0.78604, -0.002831, 0.616757, -0.752774, -0.230084, -1.2e-05, 0.0, 0.0, 0.0, 1.0],
                [0.694929, 0.42003, 0.58365, 0.124994, -0.339853, -0.523441, 0.781351, -0.002831, 0.633698, -0.741337, -0.221006, -1.2e-05, 0.0, 0.0, 0.0, 1.0],
                [0.685476, 0.428716, 0.588494, 0.124994, -0.339282, -0.527063, 0.77916, -0.002831, 0.644213, -0.73376, -0.215833, -1.2e-05, 0.0, 0.0, 0.0, 1.0],
                [0.680788, 0.434491, 0.589698, 0.124994, -0.336862, -0.529163, 0.778787, -0.002831, 0.650424, -0.728834, -0.213885, -1.2e-05, 0.0, 0.0, 0.0, 1.0],
                [0.678928, 0.43879, 0.58866, 0.124994, -0.332825, -0.530718, 0.779464, -0.002831, 0.654434, -0.725119, -0.214279, -1.2e-05, 0.0, 0.0, 0.0, 1.0],
                [0.677811, 0.443043, 0.586757, 0.124994, -0.327369, -0.532717, 0.780411, -0.002831, 0.658332, -0.721056, -0.216044, -1.2e-05, 0.0, 0.0, 0.0, 1.0],
                [0.675285, 0.448702, 0.585367, 0.124994, -0.320657, -0.53612, 0.780867, -0.002831, 0.664205, -0.715009, -0.218154, -1.2e-05, 0.0, 0.0, 0.0, 1.0],
                [0.669098, 0.45723, 0.585873, 0.124994, -0.31282, -0.541821, 0.78011, -0.002831, 0.67413, -0.705242, -0.219501, -1.2e-05, 0.0, 0.0, 0.0, 1.0],
                [0.661062, 0.467017, 0.587274, 0.124994, -0.303702, -0.549167, 0.778575, -0.00283, 0.686121, -0.693042, -0.2212, -1.2e-05, 0.0, 0.0, 0.0, 1.0],
                [0.654557, 0.47593, 0.587406, 0.124994, -0.293145, -0.556413, 0.777477, -0.00283, 0.696866, -0.681096, -0.224688, -1.2e-05, 0.0, 0.0, 0.0, 1.0],
                [0.649531, 0.484608, 0.585887, 0.124994, -0.281265, -0.562759, 0.777297, -0.002831, 0.706398, -0.669667, -0.229227, -1.2e-05, 0.0, 0.0, 0.0, 1.0],
                [0.645947, 0.493608, 0.582326, 0.124994, -0.268246, -0.567408, 0.778519, -0.00283, 0.7147, -0.659087, -0.234107, -1.2e-05, 0.0, 0.0, 0.0, 1.0],
                [0.643787, 0.503356, 0.576343, 0.124994, -0.254365, -0.569581, 0.781585, -0.00283, 0.72169, -0.649774, -0.238653, -1.2e-05, 0.0, 0.0, 0.0, 1.0],
                [0.64306, 0.514113, 0.567592, 0.124994, -0.240006, -0.568525, 0.786878, -0.002831, 0.727235, -0.642234, -0.242206, -1.2e-05, 0.0, 0.0, 0.0, 1.0],
                [0.643804, 0.525949, 0.555782, 0.124994, -0.22565, -0.563535, 0.794676, -0.00283, 0.731162, -0.637027, -0.244126, -1.2e-05, 0.0, 0.0, 0.0, 1.0],
                [0.646067, 0.538747, 0.540691, 0.124994, -0.211864, -0.553965, 0.80513, -0.002831, 0.733287, -0.63472, -0.243758, -1.2e-05, 0.0, 0.0, 0.0, 1.0],
                [0.649907, 0.552214, 0.522188, 0.124994, -0.199255, -0.539241, 0.81824, -0.002831, 0.733429, -0.635827, -0.240426, -1.2e-05, 0.0, 0.0, 0.0, 1.0],
                [0.655374, 0.565908, 0.500233, 0.124994, -0.18843, -0.518849, 0.83384, -0.002831, 0.731423, -0.640735, -0.233407, -1.2e-05, 0.0, 0.0, 0.0, 1.0],
                [0.662508, 0.579283, 0.474882, 0.124994, -0.179946, -0.492326, 0.851607, -0.00283, 0.727119, -0.649649, -0.221931, -1.2e-05, 0.0, 0.0, 0.0, 1.0],
                [0.671339, 0.591734, 0.446266, 0.124994, -0.174255, -0.459225, 0.871061, -0.002831, 0.720374, -0.66254, -0.205184, -1.2e-05, 0.0, 0.0, 0.0, 1.0],
                [0.681893, 0.602639, 0.414544, 0.124994, -0.171639, -0.419085, 0.891576, -0.002831, 0.711029, -0.67911, -0.182335, -1.2e-05, 0.0, 0.0, 0.0, 1.0],
                [0.694201, 0.61139, 0.37985, 0.124994, -0.17213, -0.371402, 0.912377, -0.00283, 0.698896, -0.698756, -0.152589, -1.2e-05, 0.0, 0.0, 0.0, 1.0],
                [0.708312, 0.61741, 0.342192, 0.124994, -0.175399, -0.31562, 0.932534, -0.00283, 0.68376, -0.720544, -0.115265, -1.2e-05, 0.0, 0.0, 0.0, 1.0],
                [0.722004, 0.621475, 0.304101, 0.124994, -0.180008, -0.255659, 0.949861, -0.002831, 0.668062, -0.740543, -0.072716, -1.2e-05, 0.0, 0.0, 0.0, 1.0],
                [0.733293, 0.624437, 0.268993, 0.124994, -0.184664, -0.197844, 0.962682, -0.002831, 0.654354, -0.7556, -0.029767, -1.2e-05, 0.0, 0.0, 0.0, 1.0],
                [0.742543, 0.626089, 0.237994, 0.124994, -0.188934, -0.145107, 0.97121, -0.00283, 0.642599, -0.766129, 0.010542, -1.2e-05, 0.0, 0.0, 0.0, 1.0],
                [0.75004, 0.6265, 0.211983, 0.124994, -0.192489, -0.099863, 0.976205, -0.002831, 0.632762, -0.772996, 0.045694, -1.2e-05, 0.0, 0.0, 0.0, 1.0],
                [0.75601, 0.625933, 0.191453, 0.124994, -0.195122, -0.063684, 0.978709, -0.00283, 0.6248, -0.777269, 0.073988, -1.2e-05, 0.0, 0.0, 0.0, 1.0],
                [0.760641, 0.624719, 0.17649, 0.124994, -0.19675, -0.037232, 0.979747, -0.00283, 0.618638, -0.779959, 0.094593, -1.2e-05, 0.0, 0.0, 0.0, 1.0],
                [0.764099, 0.623146, 0.166851, 0.124994, -0.197383, -0.020402, 0.980115, -0.002831, 0.61416, -0.781837, 0.107409, -1.2e-05, 0.0, 0.0, 0.0, 1.0],
                [0.766543, 0.6214, 0.162088, 0.124994, -0.197088, -0.012584, 0.980305, -0.002831, 0.611202, -0.78339, 0.112825, -1.2e-05, 0.0, 0.0, 0.0, 1.0],
                [0.768135, 0.619534, 0.161692, 0.124994, -0.195946, -0.012962, 0.980529, -0.002831, 0.609568, -0.784861, 0.111439, -1.2e-05, 0.0, 0.0, 0.0, 1.0],
                [0.76905, 0.617461, 0.165236, 0.124994, -0.19401, -0.020821, 0.980779, -0.002831, 0.609033, -0.786324, 0.103782, -1.2e-05, 0.0, 0.0, 0.0, 1.0],
                [0.769193, 0.616059, 0.169741, 0.124994, -0.189545, -0.033712, 0.981293, -0.002831, 0.610257, -0.786976, 0.09084, -1.2e-05, 0.0, 0.0, 0.0, 1.0],
                [0.768509, 0.615917, 0.173315, 0.124994, -0.181262, -0.050203, 0.982153, -0.00283, 0.613626, -0.786207, 0.073061, -1.2e-05, 0.0, 0.0, 0.0, 1.0],
                [0.767318, 0.61628, 0.17726, 0.124994, -0.169747, -0.071362, 0.982901, -0.002831, 0.618392, -0.784285, 0.049855, -1.2e-05, 0.0, 0.0, 0.0, 1.0],
                [0.766064, 0.616228, 0.182773, 0.124994, -0.155548, -0.098169, 0.982938, -0.002831, 0.623658, -0.781423, 0.02065, -1.2e-05, 0.0, 0.0, 0.0, 1.0],
                [0.765336, 0.614667, 0.190904, 0.124994, -0.13926, -0.131437, 0.981495, -0.002831, 0.628384, -0.777757, -0.014995, -1.2e-05, 0.0, 0.0, 0.0, 1.0],
                [0.765839, 0.610305, 0.202527, 0.124994, -0.121572, -0.171854, 0.977592, -0.002831, 0.631436, -0.773298, -0.057417, -1.2e-05, 0.0, 0.0, 0.0, 1.0],
                [0.768335, 0.601654, 0.218341, 0.124994, -0.103276, -0.220122, 0.96999, -0.002831, 0.63166, -0.767825, -0.106991, -1.2e-05, 0.0, 0.0, 0.0, 1.0],
                [0.773534, 0.586996, 0.238913, 0.124994, -0.085209, -0.277228, 0.957018, -0.002831, 0.628, -0.760642, -0.164428, -1.2e-05, 0.0, 0.0, 0.0, 1.0],
                [0.781961, 0.564274, 0.264819, 0.124994, -0.06817, -0.344882, 0.936167, -0.002831, 0.619587, -0.750098, -0.231219, -1.2e-05, 0.0, 0.0, 0.0, 1.0],
                [0.793849, 0.530688, 0.296937, 0.124994, -0.052815, -0.426278, 0.903049, -0.002831, 0.605816, -0.732566, -0.310373, -1.2e-05, 0.0, 0.0, 0.0, 1.0],
                [0.810192, 0.485884, 0.327881, 0.124994, -0.035312, -0.517892, 0.854717, -0.002831, 0.5851, -0.704061, -0.402434, -1.2e-05, 0.0, 0.0, 0.0, 1.0],
                [0.830692, 0.434351, 0.348265, 0.124994, -0.012765, -0.610527, 0.791892, -0.002831, 0.556584, -0.662263, -0.501617, -1.2e-05, 0.0, 0.0, 0.0, 1.0],
                [0.853533, 0.379973, 0.356512, 0.124994, 0.012679, -0.699176, 0.714835, -0.002831, 0.520884, -0.605614, -0.601589, -1.2e-05, 0.0, 0.0, 0.0, 1.0],
                [0.877004, 0.328019, 0.351095, 0.124994, 0.03873, -0.776594, 0.628809, -0.002831, 0.47892, -0.537869, -0.693781, -1.2e-05, 0.0, 0.0, 0.0, 1.0],
                [0.899483, 0.286056, 0.330306, 0.124994, 0.063197, -0.833142, 0.549434, -0.002831, 0.432361, -0.473332, -0.767477, -1.2e-05, 0.0, 0.0, 0.0, 1.0],
                [0.919479, 0.25401, 0.300061, 0.124994, 0.083698, -0.872224, 0.481889, -0.002831, 0.384126, -0.417971, -0.823254, -1.2e-05, 0.0, 0.0, 0.0, 1.0],
                [0.935813, 0.227139, 0.269559, 0.124994, 0.098575, -0.902831, 0.418541, -0.002831, 0.338433, -0.365104, -0.867273, -1.2e-05, 0.0, 0.0, 0.0, 1.0],
                [0.947804, 0.206886, 0.242623, 0.124994, 0.107882, -0.924115, 0.366564, -0.002831, 0.300049, -0.321256, -0.898201, -1.2e-05, 0.0, 0.0, 0.0, 1.0],
                [0.955167, 0.194165, 0.223508, 0.124994, 0.112609, -0.936437, 0.332266, -0.002831, 0.273816, -0.2922, -0.916321, -1.2e-05, 0.0, 0.0, 0.0, 1.0],
                [0.957709, 0.189705, 0.216343, 0.124994, 0.113996, -0.940509, 0.32007, -0.002831, 0.264192, -0.281871, -0.922362, -1.2e-05, 0.0, 0.0, 0.0, 1.0]
            ]
        },
        {
            "name": "Leg_R",
            "time": [0.0, 0.02, 0.04, 0.06, 0.08, 0.1, 0.12, 0.14, 0.16, 0.18, 0.2, 0.22, 0.24, 0.26, 0.28, 0.3, 0.32, 0.34, 0.36, 0.38, 0.4, 0.42, 0.44, 0.46, 0.48, 0.5, 0.52, 0.54, 0.56, 0.58, 0.6, 0.62, 0.64, 0.66, 0.68, 0.7, 0.72, 0.74, 0.76, 0.78, 0.8, 0.82, 0.84, 0.86, 0.88, 0.9, 0.92, 0.94, 0.96, 0.98, 1.0, 1.02, 1.04, 1.06, 1.08, 1.1, 1.12, 1.14, 1.16, 1.18, 1.2, 1.22, 1.24, 1.26, 1.28, 1.3, 1.32, 1.34, 1.36, 1.38, 1.4, 1.42, 1.44, 1.46, 1.48, 1.5, 1.52, 1.54, 1.56, 1.58, 1.6, 1.62, 1.64, 1.66, 1.68, 1.7, 1.72, 1.74, 1.76, 1.78, 1.8, 1.82, 1.84, 1.86, 1.88, 1.9, 1.92, 1.94, 1.96, 1.98, 2.0],
            "transform": [
                [1.0, -0.0, 1e-06, -0.0, -0.0, 0.959024, 0.283332, 0.374726, -1e-06, -0.283333, 0.959019, 0.0, 0.0, 0.0, 0.0, 1.0],
                [1.0, -0.0, 1e-06, -0.0, -0.0, 0.938632, 0.344927, 0.374726, -1e-06, -0.344927, 0.938627, -0.0, 0.0, 0.0, 0.0, 1.0],
                [1.0, -0.0, 1e-06, 0.0, -0.0, 0.884884, 0.465816, 0.374726, -1e-06, -0.465817, 0.884879, -0.0, 0.0, 0.0, 0.0, 1.0],
                [1.0, -0.0, 1e-06, -0.0, -0.0, 0.809094, 0.587683, 0.374726, -1e-06, -0.587684, 0.809089, -0.0, 0.0, 0.0, 0.0, 1.0],
                [1.0, -1e-06, 1e-06, 0.0, -0.0, 0.722509, 0.691364, 0.374726, -1e-06, -0.691365, 0.722504, -0.0, 0.0, 0.0, 0.0, 1.0],
                [1.0, -1e-06, 1e-06, -0.0, -0.0, 0.635778, 0.771873, 0.374726, -1e-06, -0.771874, 0.635774, 0.0, 0.0, 0.0, 0.0, 1.0],
                [1.0, -1e-06, 1e-06, -0.0, -0.0, 0.558859, 0.829262, 0.374726, -1e-06, -0.829264, 0.558856, -0.0, 0.0, 0.0, 0.0, 1.0],
                [1.0, -1e-06, 1e-06, 0.0, -0.0, 0.501186, 0.86534, 0.374726, -1e-06, -0.865341, 0.501182, -0.0, 0.0, 0.0, 0.0, 1.0],
                [1.0, -1e-06, 1e-06, 0.0, -0.0, 0.472139, 0.881524, 0.374726, -1e-06, -0.881525, 0.472136, 0.0, 0.0, 0.0, 0.0, 1.0],
                [1.0, -1e-06, 1e-06, 0.0, -0.0, 0.584572, 0.811342, 0.374726, -1e-06, -0.811344, 0.584569, -0.0, 0.0, 0.0, 0.0, 1.0],
                [1.0, -0.0, 1e-06, 0.0, -0.0, 0.797706, 0.603048, 0.374726, -1e-06, -0.603049, 0.797702, -0.0, 0.0, 0.0, 0.0, 1.0],
                [1.0, -0.0, 1e-06, 0.0, -0.0, 0.906133, 0.422999, 0.374726, -1e-06, -0.422999, 0.906127, -0.0, 0.0, 0.0, 0.0, 1.0],
                [1.0, -0.0, 1e-06, 0.0, -0.0, 0.878241, 0.478221, 0.374726, -1e-06, -0.478222, 0.878237, -0.0, 0.0, 0.0, 0.0, 1.0],
                [1.0, -1e-06, 1e-06, 0.0, -0.0, 0.743897, 0.668296, 0.374726, -1e-06, -0.668297, 0.743893, 0.0, 0.0, 0.0, 0.0, 1.0],
                [1.0, -1e-06, 1e-06, 0.0, -0.0, 0.540797, 0.841154, 0.374726, -1e-06, -0.841155, 0.540794, 0.0, 0.0, 0.0, 0.0, 1.0],
                [1.0, -1e-06, 0.0, -0.0, -0.0, 0.30712, 0.95167, 0.374726, -1e-06, -0.951671, 0.307118, 0.0, 0.0, 0.0, 0.0, 1.0],
                [1.0, -1e-06, 0.0, 0.0, -0.0, 0.076314, 0.997083, 0.374726, -1e-06, -0.997084, 0.076313, -0.0, 0.0, 0.0, 0.0, 1.0],
                [1.0, -1e-06, 0.0, -0.0, -0.0, -0.125901, 0.992042, 0.374726, -1e-06, -0.992044, -0.1259, 0.0, 0.0, 0.0, 0.0, 1.0],
                [1.0, -1e-06, -0.0, -0.0, -0.0, -0.282168, 0.959364, 0.374726, -1e-06, -0.959366, -0.282167, -0.0, 0.0, 0.0, 0.0, 1.0],
                [1.0, -1e-06, -0.0, 0.0, -0.0, -0.381723, 0.924276, 0.374726, -1e-06, -0.924277, -0.381722, -0.0, 0.0, 0.0, 0.0, 1.0],
                [1.0, -1e-06, 0.0, 0.0, -0.0, -0.416181, 0.909281, 0.374726, -1e-06, -0.909283, -0.416179, -0.0, 0.0, 0.0, 0.0, 1.0],
                [1.0, -1e-06, -0.0, -0.0, -0.0, -0.405243, 0.914209, 0.374726, -1e-06, -0.91421, -0.40524, -0.0, 0.0, 0.0, 0.0, 1.0],
                [1.000001, -1e-06, -0.0, -0.0, -0.0, -0.378597, 0.925561, 0.374726, -1e-06, -0.925563, -0.378595, 0.0, 0.0, 0.0, 0.0, 1.0],
                [1.0, -1e-06, -0.0, -0.0, -0.0, -0.341089, 0.940031, 0.374726, -1e-06, -0.940032, -0.341087, -0.0, 0.0, 0.0, 0.0, 1.0],
                [1.000001, -1e-06, -0.0, -0.0, -0.0, -0.298125, 0.954527, 0.374726, -1e-06, -0.954528, -0.298123, 0.0, 0.0, 0.0, 0.0, 1.0],
                [1.0, -1e-06, -0.0, 0.0, -0.0, -0.255808, 0.966727, 0.374726, -1e-06, -0.966728, -0.255807, 0.0, 0.0, 0.0, 0.0, 1.0],
                [1.0, -1e-06, 0.0, -0.0, -0.0, -0.220811, 0.975316, 0.374726, -1e-06, -0.975317, -0.22081, 0.0, 0.0, 0.0, 0.0, 1.0],
                [1.000001, -1e-06, 0.0, 0.0, -0.0, -0.199965, 0.979803, 0.374726, -1e-06, -0.979804, -0.199964, 0.0, 0.0, 0.0, 0.0, 1.0],
                [1.0, -1e-06, 0.0, -0.0, -0.0, -0.196975, 0.980408, 0.374726, -1e-06, -0.980409, -0.196974, -0.0, 0.0, 0.0, 0.0, 1.0],
                [1.0, -1e-06, 0.0, -0.0, -0.0, -0.208832, 0.977951, 0.374726, -1e-06, -0.977952, -0.208832, -0.0, 0.0, 0.0, 0.0, 1.0],
                [1.000001, -1e-06, 0.0, 0.0, -0.0, -0.231717, 0.972783, 0.374726, -1e-06, -0.972784, -0.231716, 0.0, 0.0, 0.0, 0.0, 1.0],
                [1.0, -1e-06, -0.0, -0.0, -0.0, -0.261689, 0.965151, 0.374726, -1e-06, -0.965153, -0.261688, -0.0, 0.0, 0.0, 0.0, 1.0],
                [1.0, -1e-06, -0.0, 0.0, -0.0, -0.295024, 0.955489, 0.374726, -1e-06, -0.955491, -0.295022, 0.0, 0.0, 0.0, 0.0, 1.0],
                [1.000001, -1e-06, 0.0, 0.0, -0.0, -0.328447, 0.944522, 0.374726, -1e-06, -0.944523, -0.328446, 0.0, 0.0, 0.0, 0.0, 1.0],
                [1.0, -1e-06, -0.0, -0.0, -0.0, -0.359257, 0.933238, 0.374726, -1e-06, -0.93324, -0.359255, 0.0, 0.0, 0.0, 0.0, 1.0],
                [1.0, -1e-06, -0.0, -0.0, -0.0, -0.385327, 0.92278, 0.374725, -1e-06, -0.922781, -0.385325, 0.0, 0.0, 0.0, 0.0, 1.0],
                [1.000001, -1e-06, -0.0, -0.0, -0.0, -0.405027, 0.914305, 0.374726, -0.0, -0.914306, -0.405024, -0.0, 0.0, 0.0, 0.0, 1.0],
                [1.0, -1e-06, -0.0, 0.0, -0.0, -0.417002, 0.908905, 0.374726, -1e-06, -0.908907, -0.417, -0.0, 0.0, 0.0, 0.0, 1.0],
                [1.0, -1e-06, -0.0, -0.0, -0.0, -0.419882, 0.907579, 0.374726, -1e-06, -0.90758, -0.41988, 0.0, 0.0, 0.0, 0.0, 1.0],
                [1.000001, -1e-06, -0.0, -0.0, -0.0, -0.414291, 0.910144, 0.374726, -0.0, -0.910146, -0.414289, -0.0, 0.0, 0.0, 0.0, 1.0],
                [1.0, -1e-06, -0.0, 0.0, -0.0, -0.402223, 0.915541, 0.374726, -1e-06, -0.915543, -0.402221, -0.0, 0.0, 0.0, 0.0, 1.0],
