{
    "animation": [
        {
            "name": "Root",
            "time": [0.0, 0.2333, 0.2667, 0.2833, 0.3, 0.3667, 0.5667, 0.6167, 0.65, 0.6667, 0.6833, 0.7, 0.7167, 0.75, 0.9833, 1.3, 1.4167],
            "transform": [
                [0.962859, -0.011225, 0.26977, -0.058326, 0.268922, 0.129205, -0.954456, 0.162996, -0.024142, 0.991554, 0.127425, 0.731243, 0.0, 0.0, 0.0, 1.0],
                [0.87847, 0.016125, 0.477526, -0.058326, 0.476939, 0.030314, -0.878413, 0.162996, -0.02864, 0.99941, 0.01894, 0.690198, 0.0, 0.0, 0.0, 1.0],
                [0.936745, 0.011262, 0.349832, -0.058326, 0.349575, 0.019912, -0.936697, 0.184386, -0.017515, 0.999738, 0.014715, 0.699784, 0.0, 0.0, 0.0, 1.0],
                [0.975935, 0.0047, 0.218012, -0.058326, 0.217916, 0.015735, -0.975841, 0.20606, -0.008017, 0.999865, 0.014332, 0.709014, 0.0, 0.0, 0.0, 1.0],
                [0.998419, -0.003605, 0.056095, -0.058326, 0.056138, 0.01344, -0.998333, 0.233157, 0.002846, 0.999903, 0.013621, 0.719618, 0.0, 0.0, 0.0, 1.0],
                [0.850967, -0.032653, -0.524203, -0.058326, -0.52384, 0.019537, -0.851593, 0.350016, 0.038049, 0.999276, -0.000479, 0.751243, 0.0, 0.0, 0.0, 1.0],
                [0.785699, 0.027613, -0.617992, -0.058326, -0.617456, 0.095963, -0.78073, 0.452581, 0.037746, 0.995002, 0.092448, 0.731243, 0.0, 0.0, 0.0, 1.0],
                [0.821641, 0.012192, -0.569874, -0.058326, -0.569893, 0.037414, -0.820867, 0.575778, 0.011314, 0.999225, 0.037689, 0.695771, 0.0, 0.0, 0.0, 1.0],
                [0.889195, 0.000253, -0.457528, -0.058326, -0.457497, -0.011073, -0.889142, 0.680145, -0.005291, 0.999939, -0.00973, 0.669857, 0.0, 0.0, 0.0, 1.0],
                [0.937518, -4.3e-05, -0.347938, -0.058326, -0.347879, -0.018537, -0.937356, 0.726735, -0.006409, 0.999828, -0.017394, 0.664666, 0.0, 0.0, 0.0, 1.0],
                [0.997834, 0.002924, -0.065715, -0.058326, -0.065663, -0.015266, -0.997725, 0.768847, -0.00392, 0.999879, -0.015041, 0.66336, 0.0, 0.0, 0.0, 1.0],
                [0.945952, 0.004659, 0.324273, -0.058326, 0.324298, -0.006326, -0.945934, 0.805832, -0.002355, 0.999969, -0.007494, 0.662972, 0.0, 0.0, 0.0, 1.0],
                [0.378414, -0.004131, 0.925627, -0.058326, 0.925585, 0.012207, -0.378343, 0.864004, -0.009736, 0.999917, 0.008443, 0.662254, 0.0, 0.0, 0.0, 1.0],
                [0.241412, -0.007189, 0.970396, -0.058326, 0.970344, 0.014528, -0.241292, 0.877786, -0.012363, 0.999869, 0.010483, 0.661243, 0.0, 0.0, 0.0, 1.0],
                [0.247703, 0.003139, 0.968831, -0.005177, 0.968632, -0.021352, -0.247582, 0.92163, 0.019909, 0.999767, -0.00833, 0.594562, 0.0, 0.0, 0.0, 1.0],
                [0.703284, -0.024078, 0.710501, -0.056975, 0.710623, 0.052178, -0.701636, 0.973285, -0.020178, 0.998348, 0.053806, 0.662903, 0.0, 0.0, 0.0, 1.0],
                [0.917516, -0.018445, 0.39727, -0.058234, 0.396793, 0.109797, -0.911318, 0.976332, -0.02681, 0.993783, 0.108059, 0.712742, 0.0, 0.0, 0.0, 1.0]
            ]
        },
        {
            "name": "Thigh_R",
            "time": [0.0, 0.2333, 0.2667, 0.2833, 0.3, 0.3667, 0.5667, 0.6167, 0.65, 0.6667, 0.6833, 0.7, 0.7167, 0.75, 0.9833, 1.3, 1.4167],
            "transform": [
                [0.875042, 0.343277, 0.341261, 0.124994, 0.153788, -0.865651, 0.476441, -0.002831, 0.458967, -0.364423, -0.810276, -1.2e-05, 0.0, 0.0, 0.0, 1.0],
                [0.731242, 0.511562, 0.451205, 0.124994, 0.226456, -0.806025, 0.546847, -0.002831, 0.643431, -0.297698, -0.705247, -1.2e-05, 0.0, 0.0, 0.0, 1.0],
                [0.822262, 0.432202, 0.370244, 0.124994, 0.214086, -0.837694, 0.502428, -0.002831, 0.527305, -0.333863, -0.781335, -1.2e-05, 0.0, 0.0, 0.0, 1.0],
                [0.890943, 0.35675, 0.280974, 0.124994, 0.201045, -0.864662, 0.460368, -0.002831, 0.407186, -0.353672, -0.842089, -1.2e-05, 0.0, 0.0, 0.0, 1.0],
                [0.946671, 0.274816, 0.168189, 0.124994, 0.18752, -0.894423, 0.406008, -0.002831, 0.262012, -0.352816, -0.898259, -1.2e-05, 0.0, 0.0, 0.0, 1.0],
                [0.956885, 0.138854, -0.255125, 0.124994, 0.173478, -0.977678, 0.118524, -0.002831, -0.232972, -0.15767, -0.959615, -1.2e-05, 0.0, 0.0, 0.0, 1.0],
                [0.97094, 0.221679, 0.090169, 0.124994, 0.18147, -0.927613, 0.326497, -0.002831, 0.156021, -0.300645, -0.940887, -1.2e-05, 0.0, 0.0, 0.0, 1.0],
                [0.901066, 0.404344, 0.156785, 0.124994, 0.300172, -0.84242, 0.447463, -0.002831, 0.31301, -0.356131, -0.880452, -1.2e-05, 0.0, 0.0, 0.0, 1.0],
                [0.812021, 0.531601, 0.240869, 0.124994, 0.368184, -0.786827, 0.49532, -0.002831, 0.452836, -0.313526, -0.834649, -1.2e-05, 0.0, 0.0, 0.0, 1.0],
                [0.777445, 0.553856, 0.298022, 0.124994, 0.35018, -0.774783, 0.526386, -0.002831, 0.522447, -0.304874, -0.796304, -1.2e-05, 0.0, 0.0, 0.0, 1.0],
                [0.789206, 0.496321, 0.361685, 0.124994, 0.270977, -0.809938, 0.520163, -0.002831, 0.551112, -0.312507, -0.773701, -1.2e-05, 0.0, 0.0, 0.0, 1.0],
                [0.916807, 0.31238, 0.248757, 0.124994, 0.164861, -0.86346, 0.476713, -0.002831, 0.36371, -0.396042, -0.843128, -1.2e-05, 0.0, 0.0, 0.0, 1.0],
                [0.895334, 0.357647, 0.265447, 0.124994, 0.223193, -0.876028, 0.427501, -0.002831, 0.385436, -0.32351, -0.864165, -1.2e-05, 0.0, 0.0, 0.0, 1.0],
                [0.858772, 0.392956, 0.328772, 0.124994, 0.257027, -0.885518, 0.387031, -0.002831, 0.443222, -0.247869, -0.861462, -1.2e-05, 0.0, 0.0, 0.0, 1.0],
                [0.900352, 0.364626, 0.237508, 0.124994, 0.163755, -0.789571, 0.591405, -0.002831, 0.403174, -0.493579, -0.770604, -1.2e-05, 0.0, 0.0, 0.0, 1.0],
                [0.94415, 0.294986, 0.146839, 0.124994, 0.175283, -0.826949, 0.534255, -0.002831, 0.279028, -0.478678, -0.832472, -1.2e-05, 0.0, 0.0, 0.0, 1.0],
                [0.901275, 0.346434, 0.260161, 0.124994, 0.173488, -0.838834, 0.516001, -0.002831, 0.396994, -0.419923, -0.816124, -1.2e-05, 0.0, 0.0, 0.0, 1.0]
            ]
        },
        {
            "name": "Leg_R",
            "time": [0.0, 0.2333, 0.2667, 0.2833, 0.3, 0.3667, 0.5667, 0.6167, 0.65, 0.6667, 0.6833, 0.7, 0.7167, 0.75, 0.9833, 1.3, 1.4167],
            "transform": [
                [1.0, -0.0, 1e-06, -0.0, -0.0, 0.938565, 0.345104, 0.37472, -1e-06, -0.345105, 0.938564, -0.0, 0.0, 0.0, 0.0, 1.0],
                [1.0, -0.0, 1e-06, 0.0, -0.0, 0.727278, 0.686345, 0.37472, -1e-06, -0.686344, 0.727277, -0.0, 0.0, 0.0, 0.0, 1.0],
                [1.0, -0.0, 1e-06, 0.0, -0.0, 0.767629, 0.640896, 0.37472, -1e-06, -0.640895, 0.767628, 0.0, 0.0, 0.0, 0.0, 1.0],
                [1.0, -0.0, 1e-06, 0.0, -0.0, 0.809551, 0.587052, 0.37472, -1e-06, -0.587051, 0.80955, 0.0, 0.0, 0.0, 0.0, 1.0],
                [1.0, -0.0, 1e-06, -0.0, -0.0, 0.86175, 0.507334, 0.37472, -1e-06, -0.507334, 0.86175, 0.0, 0.0, 0.0, 0.0, 1.0],
                [1.0, 0.0, 1e-06, 0.0, -0.0, 0.999988, 0.005013, 0.37472, -1e-06, -0.005014, 0.999987, 0.0, 0.0, 0.0, 0.0, 1.0],
                [1.0, 0.0, 1e-06, 0.0, -0.0, 0.968076, 0.250658, 0.37472, -1e-06, -0.250659, 0.968075, -0.0, 0.0, 0.0, 0.0, 1.0],
                [1.0, -0.0, 1e-06, 0.0, -0.0, 0.735725, 0.677283, 0.37472, -1e-06, -0.677282, 0.735723, 0.0, 0.0, 0.0, 0.0, 1.0],
                [1.0, -0.0, 1e-06, 0.0, -0.0, 0.550977, 0.834522, 0.37472, -1e-06, -0.834521, 0.550976, -0.0, 0.0, 0.0, 0.0, 1.0],
                [1.0, -1e-06, 1e-06, 0.0, -0.0, 0.484626, 0.874724, 0.37472, -1e-06, -0.874721, 0.484624, 0.0, 0.0, 0.0, 0.0, 1.0],
                [1.0, -0.0, 0.0, 0.0, -0.0, 0.442653, 0.896695, 0.37472, -1e-06, -0.896693, 0.442652, -0.0, 0.0, 0.0, 0.0, 1.0],
                [1.0, -1e-06, 1e-06, 0.0, -0.0, 0.473255, 0.880927, 0.37472, -1e-06, -0.880925, 0.473254, 0.0, 0.0, 0.0, 0.0, 1.0],
                [1.0, -0.0, 1e-06, -0.0, -0.0, 0.74159, 0.670855, 0.37472, -1e-06, -0.670854, 0.741589, -0.0, 0.0, 0.0, 0.0, 1.0],
                [1.0, -0.0, 1e-06, 0.0, -0.0, 0.819652, 0.572862, 0.37472, -1e-06, -0.572862, 0.819651, 0.0, 0.0, 0.0, 0.0, 1.0],
                [1.0, -0.0, 1e-06, 0.0, -0.0, 0.462018, 0.886873, 0.37472, -1e-06, -0.88687, 0.462016, 0.0, 0.0, 0.0, 0.0, 1.0],
                [1.0, -1e-06, 1e-06, 0.0, -0.0, 0.635692, 0.771945, 0.37472, -1e-06, -0.771943, 0.635691, -0.0, 0.0, 0.0, 0.0, 1.0],
                [1.0, -0.0, 1e-06, 0.0, -0.0, 0.842079, 0.539357, 0.37472, -1e-06, -0.539357, 0.842078, -0.0, 0.0, 0.0, 0.0, 1.0]
            ]
        },
        {
            "name": "Knee_R",
            "time": [0.0, 0.2333, 0.2667, 0.2833, 0.3, 0.3667, 0.5667, 0.6167, 0.65, 0.6667, 0.6833, 0.7, 0.7167, 0.75, 0.9833, 1.3, 1.4167],
            "transform": [
                [1.0, 0.0, -0.0, 0.0, -0.0, 1e-06, -1.0, 0.37472, -0.0, 1.0, 1e-06, -0.0, 0.0, 0.0, 0.0, 1.0],
                [1.0, 0.0, -0.0, 0.0, -0.0, 1e-06, -1.0, 0.399179, -0.0, 1.0, 1e-06, -0.0, 0.0, 0.0, 0.0, 1.0],
                [1.0, 0.0, -0.0, 0.0, -0.0, 1e-06, -1.0, 0.392794, -0.0, 1.0, 1e-06, 0.0, 0.0, 0.0, 0.0, 1.0],
                [1.0, 0.0, -0.0, -0.0, -0.0, 1e-06, -1.0, 0.385625, -0.0, 1.0, 1e-06, -0.0, 0.0, 0.0, 0.0, 1.0],
                [1.0, 0.0, -0.0, -0.0, -0.0, 1e-06, -1.0, 0.375612, -0.0, 1.0, 1e-06, -0.0, 0.0, 0.0, 0.0, 1.0],
                [1.0, 0.0, -0.0, 0.0, -0.0, 1e-06, -1.0, 0.37472, -0.0, 1.0, 1e-06, 0.0, 0.0, 0.0, 0.0, 1.0],
                [1.0, 0.0, -0.0, 0.0, -0.0, 1e-06, -1.0, 0.37472, -0.0, 1.0, 1e-06, 0.0, 0.0, 0.0, 0.0, 1.0],
                [1.0, 0.0, -0.0, -0.0, -0.0, 1e-06, -1.0, 0.397878, -0.0, 1.0, 1e-06, 0.0, 0.0, 0.0, 0.0, 1.0],
                [1.0, 0.0, -0.0, 0.0, -0.0, 1e-06, -1.0, 0.423424, -0.0, 1.0, 1e-06, 0.0, 0.0, 0.0, 0.0, 1.0],
                [1.0, 0.0, -0.0, 0.0, -0.0, 1e-06, -1.0, 0.431576, -0.0, 1.0, 0.0, -0.0, 0.0, 0.0, 0.0, 1.0],
                [1.0, 0.0, -0.0, -0.0, -0.0, 1e-06, -1.0, 0.436553, -0.0, 1.0, 1e-06, -0.0, 0.0, 0.0, 0.0, 1.0],
                [1.0, 0.0, -0.0, 0.0, -0.0, 1e-06, -1.0, 0.432936, -0.0, 1.0, 1e-06, 0.0, 0.0, 0.0, 0.0, 1.0],
                [1.0, 0.0, -0.0, -0.0, -0.0, 1e-06, -1.0, 0.396964, -0.0, 1.0, 1e-06, -0.0, 0.0, 0.0, 0.0, 1.0],
                [1.0, -0.0, -0.0, 0.0, -0.0, 1e-06, -1.0, 0.383795, -0.0, 1.0, 1e-06, 0.0, 0.0, 0.0, 0.0, 1.0],
                [1.0, 0.0, -0.0, 0.0, -0.0, 1e-06, -1.0, 0.434272, -0.0, 1.0, 1e-06, 0.0, 0.0, 0.0, 0.0, 1.0],
                [1.0, 0.0, -0.0, -0.0, -0.0, 1e-06, -1.0, 0.412356, -0.0, 1.0, 1e-06, -0.0, 0.0, 0.0, 0.0, 1.0],
                [1.0, 0.0, -0.0, 0.0, -0.0, 1e-06, -1.0, 0.37956, -0.0, 1.0, 1e-06, -0.0, 0.0, 0.0, 0.0, 1.0]
            ]
        },
        {
            "name": "Thigh_L",
            "time": [0.0, 0.2333, 0.2667, 0.2833, 0.3, 0.3667, 0.5667, 0.6167, 0.65, 0.6667, 0.6833, 0.7, 0.7167, 0.75, 0.9833, 1.3, 1.4167],
            "transform": [
                [0.796138, -0.267957, -0.542552, -0.125006, -0.071485, -0.931983, 0.355384, -0.002831, -0.600876, -0.244146, -0.761142, -1.2e-05, 0.0, 0.0, 0.0, 1.0],
                [0.801691, -0.364072, -0.474072, -0.125006, -0.099048, -0.863061, 0.495294, -0.002831, -0.589474, -0.350112, -0.727968, -1.2e-05, 0.0, 0.0, 0.0, 1.0],
                [0.800118, -0.38211, -0.462389, -0.125006, -0.134947, -0.865758, 0.481925, -0.002831, -0.584465, -0.323194, -0.744272, -1.2e-05, 0.0, 0.0, 0.0, 1.0],
                [0.809395, -0.38595, -0.442632, -0.125006, -0.162338, -0.871394, 0.462945, -0.002831, -0.564379, -0.302844, -0.767955, -1.2e-05, 0.0, 0.0, 0.0, 1.0],
                [0.8306, -0.37716, -0.409703, -0.125006, -0.186689, -0.881743, 0.433217, -0.002831, -0.524643, -0.283337, -0.802785, -1.2e-05, 0.0, 0.0, 0.0, 1.0],
                [0.874813, -0.335909, -0.349097, -0.125006, -0.217931, -0.916423, 0.335668, -0.002831, -0.432673, -0.217564, -0.874903, -1.2e-05, 0.0, 0.0, 0.0, 1.0],
                [0.843496, -0.249123, -0.475871, -0.125006, -0.121917, -0.951616, 0.282067, -0.002831, -0.523114, -0.179903, -0.833055, -1.2e-05, 0.0, 0.0, 0.0, 1.0],
                [0.884968, -0.257908, -0.387707, -0.125006, -0.110427, -0.925097, 0.363319, -0.002831, -0.452367, -0.278709, -0.84716, -1.2e-05, 0.0, 0.0, 0.0, 1.0],
                [0.946313, -0.161248, -0.280164, -0.125006, -0.086835, -0.961653, 0.260159, -0.002831, -0.311369, -0.22186, -0.924025, -1.2e-05, 0.0, 0.0, 0.0, 1.0],
                [0.980335, -0.10442, -0.167445, -0.125006, -0.068048, -0.975369, 0.209815, -0.002831, -0.185228, -0.194292, -0.963295, -1.2e-05, 0.0, 0.0, 0.0, 1.0],
                [0.994891, -0.094985, -0.034193, -0.125006, -0.085263, -0.971974, 0.219076, -0.002831, -0.054041, -0.21504, -0.975107, -1.2e-05, 0.0, 0.0, 0.0, 1.0],
                [0.987531, -0.157423, 0.001062, -0.125006, -0.150772, -0.943854, 0.293948, -0.002831, -0.045269, -0.29044, -0.95582, -1.2e-05, 0.0, 0.0, 0.0, 1.0],
                [0.960679, -0.100344, 0.258893, -0.125006, -0.216188, -0.855408, 0.470678, -0.002831, 0.174233, -0.50814, -0.843466, -1.2e-05, 0.0, 0.0, 0.0, 1.0],
                [0.944054, -0.069867, 0.322301, -0.125006, -0.228717, -0.842776, 0.487253, -0.002831, 0.237589, -0.533709, -0.811607, -1.2e-05, 0.0, 0.0, 0.0, 1.0],
                [0.912971, -0.14612, 0.380961, -0.125006, -0.364081, -0.713219, 0.598966, -0.002831, 0.184193, -0.68554, -0.704349, -1.2e-05, 0.0, 0.0, 0.0, 1.0],
                [0.940595, -0.318577, -0.117436, -0.125006, -0.214614, -0.825869, 0.521421, -0.002831, -0.263096, -0.465241, -0.845179, -1.2e-05, 0.0, 0.0, 0.0, 1.0],
                [0.842621, -0.303321, -0.444959, -0.125006, -0.105139, -0.903045, 0.416478, -0.002831, -0.528143, -0.304146, -0.792814, -1.2e-05, 0.0, 0.0, 0.0, 1.0]
            ]
        },
        {
            "name": "Leg_L",
            "time": [0.0, 0.2333, 0.2667, 0.2833, 0.3, 0.3667, 0.5667, 0.6167, 0.65, 0.6667, 0.6833, 0.7, 0.7167, 0.75, 0.9833, 1.3, 1.4167],
            "transform": [
                [1.0, -0.0, 1e-06, 0.0, -0.0, 0.902897, 0.429856, 0.37472, -1e-06, -0.429857, 0.902898, 0.0, 0.0, 0.0, 0.0, 1.0],
                [1.0, -0.0, 1e-06, -0.0, -0.0, 0.698613, 0.715498, 0.37472, -1e-06, -0.715501, 0.698615, -0.0, 0.0, 0.0, 0.0, 1.0],
                [1.0, -0.0, 1e-06, 0.0, -0.0, 0.67208, 0.740477, 0.37472, -1e-06, -0.740479, 0.672082, -0.0, 0.0, 0.0, 0.0, 1.0],
                [1.0, -0.0, 1e-06, 0.0, -0.0, 0.65164, 0.758528, 0.37472, -1e-06, -0.758529, 0.651642, -0.0, 0.0, 0.0, 0.0, 1.0],
                [1.0, -0.0, 1e-06, -0.0, -0.0, 0.631165, 0.775647, 0.37472, -1e-06, -0.775649, 0.631167, 0.0, 0.0, 0.0, 0.0, 1.0],
                [1.0, -0.0, 1e-06, -0.0, -0.0, 0.547906, 0.836539, 0.37472, -1e-06, -0.836541, 0.547907, 0.0, 0.0, 0.0, 0.0, 1.0],
                [1.0, 0.0, 1e-06, -0.0, -0.0, 0.997098, 0.076123, 0.37472, -1e-06, -0.076123, 0.997099, -0.0, 0.0, 0.0, 0.0, 1.0],
                [1.0, -0.0, 1e-06, 0.0, -0.0, 0.775356, 0.631523, 0.37472, -1e-06, -0.631524, 0.775358, -0.0, 0.0, 0.0, 0.0, 1.0],
                [1.0, -0.0, 1e-06, -0.0, -0.0, 0.678408, 0.734683, 0.37472, -1e-06, -0.734686, 0.67841, 0.0, 0.0, 0.0, 0.0, 1.0],
                [1.0, -0.0, 1e-06, -0.0, -0.0, 0.674522, 0.738254, 0.37472, -1e-06, -0.738255, 0.674524, -0.0, 0.0, 0.0, 0.0, 1.0],
                [1.0, -0.0, 1e-06, 0.0, -0.0, 0.66915, 0.743126, 0.37472, -1e-06, -0.743128, 0.669152, 0.0, 0.0, 0.0, 0.0, 1.0],
                [1.0, -0.0, 1e-06, 0.0, -0.0, 0.659455, 0.751743, 0.37472, -1e-06, -0.751744, 0.659457, 0.0, 0.0, 0.0, 0.0, 1.0],
                [1.0, -0.0, 1e-06, 0.0, -0.0, 0.699798, 0.714341, 0.37472, -1e-06, -0.714341, 0.699799, 0.0, 0.0, 0.0, 0.0, 1.0],
                [1.0, -0.0, 1e-06, -0.0, -0.0, 0.720178, 0.693789, 0.37472, -1e-06, -0.693789, 0.720179, -0.0, 0.0, 0.0, 0.0, 1.0],
                [1.0, -0.0, 0.0, 0.0, -0.0, 0.507683, 0.861544, 0.37472, -1e-06, -0.861543, 0.507684, 0.0, 0.0, 0.0, 0.0, 1.0],
                [1.0, -0.0, 1e-06, 0.0, -0.0, 0.677711, 0.735327, 0.37472, -1e-06, -0.735328, 0.677713, 0.0, 0.0, 0.0, 0.0, 1.0],
                [1.0, -0.0, 0.0, 0.0, -0.0, 0.836686, 0.547681, 0.37472, -1e-06, -0.547682, 0.836688, 0.0, 0.0, 0.0, 0.0, 1.0]
            ]
        },
        {
            "name": "Knee_L",
            "time": [0.0, 0.2333, 0.2667, 0.2833, 0.3, 0.3667, 0.5667, 0.6167, 0.65, 0.6667, 0.6833, 0.7, 0.7167, 0.75, 0.9833, 1.3, 1.4167],
            "transform": [
                [1.0, -0.0, -0.0, -0.0, -0.0, 1e-06, -1.0, 0.37472, -0.0, 1.0, 1e-06, 0.0, 0.0, 0.0, 0.0, 1.0],
                [1.0, 0.0, -0.0, 0.0, -0.0, 1e-06, -1.0, 0.403474, -0.0, 1.0, 1e-06, -0.0, 0.0, 0.0, 0.0, 1.0],
                [1.0, 0.0, -0.0, 0.0, -0.0, 1e-06, -1.0, 0.407302, -0.0, 1.0, 1e-06, 0.0, 0.0, 0.0, 0.0, 1.0],
                [1.0, 0.0, -0.0, 0.0, -0.0, 1e-06, -1.0, 0.410167, -0.0, 1.0, 1e-06, -0.0, 0.0, 0.0, 0.0, 1.0],
                [1.0, 0.0, -0.0, -0.0, -0.0, 1e-06, -1.0, 0.41297, -0.0, 1.0, 1e-06, 0.0, 0.0, 0.0, 0.0, 1.0],
                [1.0, 0.0, -0.0, -0.0, -0.0, 1e-06, -1.0, 0.42381, -0.0, 1.0, 1e-06, 0.0, 0.0, 0.0, 0.0, 1.0],
                [1.0, 0.0, -0.0, -0.0, -0.0, 1e-06, -1.0, 0.37472, -0.0, 1.0, 1e-06, 0.0, 0.0, 0.0, 0.0, 1.0],
                [1.0, 0.0, -0.0, 0.0, -0.0, 1e-06, -1.0, 0.391518, -0.0, 1.0, 1e-06, 0.0, 0.0, 0.0, 0.0, 1.0],
                [1.0, 0.0, -0.0, -0.0, -0.0, 1e-06, -1.0, 0.406401, -0.0, 1.0, 1e-06, 0.0, 0.0, 0.0, 0.0, 1.0],
                [1.0, 0.0, -0.0, 0.0, -0.0, 1e-06, -1.0, 0.406955, -0.0, 1.0, 1e-06, 0.0, 0.0, 0.0, 0.0, 1.0],
                [1.0, 0.0, -0.0, -0.0, -0.0, 1e-06, -1.0, 0.407717, -0.0, 1.0, 1e-06, -0.0, 0.0, 0.0, 0.0, 1.0],
                [1.0, 0.0, -0.0, 0.0, -0.0, 1e-06, -1.0, 0.40908, -0.0, 1.0, 1e-06, -0.0, 0.0, 0.0, 0.0, 1.0],
                [1.0, 0.0, -0.0, 0.0, -0.0, 1e-06, -1.0, 0.4033, -0.0, 1.0, 1e-06, -0.0, 0.0, 0.0, 0.0, 1.0],
                [1.0, 0.0, -0.0, 0.0, -0.0, 1e-06, -1.0, 0.40026, 0.0, 1.0, 1e-06, -0.0, 0.0, 0.0, 0.0, 1.0],
                [1.0, 0.0, -0.0, 0.0, -0.0, 1e-06, -1.0, 0.428786, -0.0, 1.0, 1e-06, 0.0, 0.0, 0.0, 0.0, 1.0],
                [1.0, 0.0, -0.0, -0.0, -0.0, 1e-06, -1.0, 0.406501, -0.0, 1.0, 1e-06, -0.0, 0.0, 0.0, 0.0, 1.0],
                [1.0, 0.0, -0.0, -0.0, -0.0, 1e-06, -1.0, 0.380602, -0.0, 1.0, 1e-06, -0.0, 0.0, 0.0, 0.0, 1.0]
            ]
        },
        {
            "name": "Torso",
            "time": [0.0, 0.2333, 0.2667, 0.2833, 0.3, 0.3667, 0.5667, 0.6167, 0.65, 0.6667, 0.6833, 0.7, 0.7167, 0.75, 0.9833, 1.3, 1.4167],
            "transform": [
                [1.0, 0.0, -0.0, 0.0, 0.0, 1.0, -0.0, 0.05, -0.0, 0.0, 1.0, 0.0, 0.0, 0.0, 0.0, 1.0],
                [1.0, 0.0, -0.0, 0.0, -0.0, 0.880129, 0.474735, 0.05, 0.0, -0.474735, 0.880129, -0.0, 0.0, 0.0, 0.0, 1.0],
                [0.998382, 0.011994, -0.055575, -0.0, 0.011994, 0.91106, 0.4121, 0.05, 0.055575, -0.4121, 0.909442, 0.0, 0.0, 0.0, 0.0, 1.0],
                [0.993899, 0.019697, -0.108521, 0.0, 0.019697, 0.93641, 0.350354, 0.05, 0.108521, -0.350354, 0.930309, 0.0, 0.0, 0.0, 0.0, 1.0],
                [0.985214, 0.024107, -0.169624, -0.0, 0.024107, 0.960695, 0.276557, 0.05, 0.169624, -0.276557, 0.945909, -0.0, 0.0, 0.0, 0.0, 1.0],
                [0.924895, -0.0, -0.380223, -0.0, 0.0, 1.0, 0.0, 0.05, 0.380223, -0.0, 0.924895, -0.0, 0.0, 0.0, 0.0, 1.0],
                [0.961647, -0.01699, -0.273762, 0.0, 0.013898, 0.999816, -0.013231, 0.05, 0.273936, 0.008919, 0.961706, 0.0, 0.0, 0.0, 0.0, 1.0],
                [0.999916, -0.012901, 0.000936, 0.0, 0.012858, 0.999243, 0.036721, 0.05, -0.001409, -0.036705, 0.999325, -0.0, 0.0, 0.0, 0.0, 1.0],
                [0.978988, -0.017308, 0.20318, 0.0, -0.004724, 0.994199, 0.107454, 0.05, -0.203861, -0.106156, 0.973227, -0.0, 0.0, 0.0, 0.0, 1.0],
                [0.972937, -0.018519, 0.23033, 0.0, -0.017722, 0.987867, 0.154289, 0.05, -0.230392, -0.154195, 0.960803, -0.0, 0.0, 0.0, 0.0, 1.0],
                [0.984818, -0.00717, 0.17344, -0.0, -0.031972, 0.974562, 0.221828, 0.05, -0.170619, -0.224005, 0.959537, 0.0, 0.0, 0.0, 0.0, 1.0],
                [0.998791, 0.022506, 0.043716, 0.0, -0.034549, 0.953854, 0.298278, 0.05, -0.034985, -0.299427, 0.953478, 0.0, 0.0, 0.0, 0.0, 1.0],
                [0.960334, 0.121349, -0.251062, -0.0, 0.000385, 0.899767, 0.436371, 0.05, 0.278851, -0.419159, 0.86403, -0.0, 0.0, 0.0, 0.0, 1.0],
                [0.940616, 0.144422, -0.307219, -0.0, 0.012958, 0.889056, 0.457616, 0.05, 0.339224, -0.434422, 0.834389, 0.0, 0.0, 0.0, 0.0, 1.0],
                [0.940483, 0.082767, -0.329609, -0.0, 0.012968, 0.960442, 0.278177, 0.05, 0.339594, -0.265895, 0.902206, -0.0, 0.0, 0.0, 0.0, 1.0],
                [0.985182, 0.015748, -0.170785, -0.0, -0.001656, 0.996603, 0.08234, 0.05, 0.171502, -0.080837, 0.981862, -0.0, 0.0, 0.0, 0.0, 1.0],
                [0.998919, 0.002107, -0.046426, -0.0, -0.001274, 0.999838, 0.017958, 0.05, 0.046457, -0.01788, 0.99876, 0.0, 0.0, 0.0, 0.0, 1.0]
            ]
        },
        {
            "name": "Chest",
            "time": [0.0, 0.2333, 0.2667, 0.2833, 0.3, 0.3667, 0.5667, 0.6167, 0.65, 0.6667, 0.6833, 0.7, 0.7167, 0.75, 0.9833, 1.3, 1.4167],
            "transform": [
                [0.939083, 0.0, 0.34369, 0.0, 0.0, 1.0, -0.0, 0.3, -0.34369, 0.0, 0.939083, -0.0, 0.0, 0.0, 0.0, 1.0],
                [0.939083, 0.0, 0.34369, 0.0, 0.0, 1.0, -0.0, 0.3, -0.34369, -0.0, 0.939083, -0.0, 0.0, 0.0, 0.0, 1.0],
                [0.964393, -0.0, 0.264472, -0.0, 0.0, 1.0, 0.0, 0.3, -0.264472, 0.0, 0.964393, 0.0, 0.0, 0.0, 0.0, 1.0],
                [0.983364, -0.0, 0.181644, 0.0, -0.0, 1.0, -0.0, 0.3, -0.181644, 0.0, 0.983364, -0.0, 0.0, 0.0, 0.0, 1.0],
                [0.997128, 0.0, 0.075735, 0.0, -0.0, 1.0, -0.0, 0.3, -0.075735, 0.0, 0.997128, 0.0, 0.0, 0.0, 0.0, 1.0],
                [0.9283, 0.0, -0.371832, 0.0, -0.0, 1.0, -0.0, 0.3, 0.371832, 0.0, 0.9283, -0.0, 0.0, 0.0, 0.0, 1.0],
                [0.73303, 0.018648, -0.679941, 0.0, -0.002287, 0.999686, 0.024951, 0.3, 0.680193, -0.016735, 0.732842, 0.0, 0.0, 0.0, 0.0, 1.0],
                [0.736363, -0.008279, -0.676536, 0.0, 0.017743, 0.999817, 0.007078, 0.3, 0.676354, -0.017215, 0.736375, 0.0, 0.0, 0.0, 0.0, 1.0],
                [0.745033, -0.030699, -0.66632, -0.0, 0.034467, 0.999377, -0.007505, 0.3, 0.666136, -0.017374, 0.745628, -0.0, 0.0, 0.0, 0.0, 1.0],
                [0.753253, -0.034132, -0.656845, -0.0, 0.037049, 0.999269, -0.009439, 0.3, 0.656687, -0.017226, 0.753966, 0.0, 0.0, 0.0, 0.0, 1.0],
                [0.84042, -0.035977, -0.54074, 0.0, 0.038456, 0.999238, -0.006714, 0.3, 0.540569, -0.015152, 0.841163, -0.0, 0.0, 0.0, 0.0, 1.0],
                [0.964429, -0.038648, -0.261501, -0.0, 0.040121, 0.999195, 0.000293, 0.3, 0.261279, -0.010774, 0.965203, 0.0, 0.0, 0.0, 0.0, 1.0],
                [0.888488, -0.040017, 0.457151, -0.0, 0.034205, 0.999194, 0.020987, 0.3, -0.457623, -0.00301, 0.889141, -0.0, 0.0, 0.0, 0.0, 1.0],
                [0.809397, -0.042599, 0.585715, -0.0, 0.028217, 0.999035, 0.033666, 0.3, -0.586583, -0.010722, 0.809818, 0.0, 0.0, 0.0, 0.0, 1.0],
                [0.725322, -0.263244, 0.636089, -0.0, 0.02343, 0.932904, 0.359363, 0.3, -0.688011, -0.245751, 0.682824, -0.0, 0.0, 0.0, 0.0, 1.0],
                [0.850124, -0.121096, 0.512469, -0.0, 0.030585, 0.982911, 0.181525, 0.3, -0.525693, -0.138645, 0.8393, 0.0, 0.0, 0.0, 0.0, 1.0],
                [0.919135, -0.029917, 0.392805, 0.0, 0.011843, 0.99876, 0.048355, 0.3, -0.393764, -0.039793, 0.91835, -0.0, 0.0, 0.0, 0.0, 1.0]
            ]
        },
        {
            "name": "Head",
            "time": [0.0, 0.2333, 0.2667, 0.2833, 0.3, 0.3667, 0.5667, 0.6167, 0.65, 0.6667, 0.6833, 0.7, 0.7167, 0.75, 0.9833, 1.3, 1.4167],
            "transform": [
                [0.822519, -0.003516, -0.568726, -0.0, -0.019484, 0.99922, -0.034357, 0.4, 0.568404, 0.03934, 0.821809, -0.0, 0.0, 0.0, 0.0, 1.0],
                [0.822519, -0.003516, -0.568727, 0.0, -0.019484, 0.99922, -0.034357, 0.4, 0.568404, 0.03934, 0.821809, -0.0, 0.0, 0.0, 0.0, 1.0],
                [0.926615, -0.003539, -0.375995, 0.0, -0.01153, 0.999218, -0.037819, 0.4, 0.375835, 0.039379, 0.925849, -0.0, 0.0, 0.0, 0.0, 1.0],
                [0.987355, -0.003547, -0.158483, -0.0, -0.002747, 0.999217, -0.039474, 0.4, 0.158498, 0.03941, 0.986573, 0.0, 0.0, 0.0, 0.0, 1.0],
                [0.992494, -0.003541, 0.122243, -0.0, 0.008332, 0.999216, -0.038704, 0.4, -0.122011, 0.039432, 0.991745, -0.0, 0.0, 0.0, 0.0, 1.0],
                [0.378504, -0.003516, 0.925593, -0.0, 0.037743, 0.99922, -0.011638, 0.4, -0.92483, 0.03934, 0.378341, -0.0, 0.0, 0.0, 0.0, 1.0],
                [0.017292, -0.003516, 0.999844, 0.0, 0.039395, 0.99922, 0.002833, 0.4, -0.999074, 0.03934, 0.017417, 0.0, 0.0, 0.0, 0.0, 1.0],
                [0.522757, 0.019433, 0.85226, 0.0, -0.028931, 0.999569, -0.005046, 0.4, -0.851991, -0.022019, 0.523094, -0.0, 0.0, 0.0, 0.0, 1.0],
                [0.895129, 0.064392, 0.441133, -0.0, -0.081381, 0.996489, 0.019678, 0.4, -0.438317, -0.053514, 0.897226, 0.0, 0.0, 0.0, 0.0, 1.0],
                [0.973338, 0.077014, 0.216061, 0.0, -0.086026, 0.995759, 0.032607, 0.4, -0.212634, -0.050325, 0.975835, 0.0, 0.0, 0.0, 0.0, 1.0],
                [0.99703, 0.075439, -0.015529, 0.0, -0.074874, 0.996605, 0.034234, 0.4, 0.018059, -0.032969, 0.999293, -0.0, 0.0, 0.0, 0.0, 1.0],
                [0.970448, 0.059502, -0.233857, -0.0, -0.056061, 0.998199, 0.021341, 0.4, 0.234706, -0.0076, 0.972037, 0.0, 0.0, 0.0, 0.0, 1.0],
                [0.821193, 0.0083, -0.57059, -0.0, -0.025928, 0.999404, -0.022777, 0.4, 0.570061, 0.033499, 0.820919, 0.0, 0.0, 0.0, 0.0, 1.0],
                [0.774581, -0.003516, -0.632465, -0.0, -0.02216, 0.99922, -0.032695, 0.4, 0.632086, 0.03934, 0.773899, -0.0, 0.0, 0.0, 0.0, 1.0],
                [0.65615, -0.003516, -0.754623, 0.0, -0.027382, 0.99922, -0.028465, 0.4, 0.754134, 0.03934, 0.655541, 0.0, 0.0, 0.0, 0.0, 1.0],
                [0.745154, -0.003516, -0.666883, 0.0, -0.023617, 0.99922, -0.031658, 0.4, 0.666474, 0.03934, 0.74449, -0.0, 0.0, 0.0, 0.0, 1.0],
                [0.80283, -0.003516, -0.596198, 0.0, -0.020634, 0.99922, -0.033679, 0.4, 0.595851, 0.03934, 0.802131, -0.0, 0.0, 0.0, 0.0, 1.0]
            ]
        },
        {
            "name": "Shoulder_R",
            "time": [0.0, 0.2333, 0.2667, 0.2833, 0.3, 0.3667, 0.5667, 0.6167, 0.65, 0.6667, 0.6833, 0.7, 0.7167, 0.75, 0.9833, 1.3, 1.4167],
            "transform": [
                [0.066118, 0.971228, 0.228789, -0.0, -0.017325, -0.228139, 0.973474, 0.4, 0.997661, -0.068328, 0.001742, -0.0, 0.0, 0.0, 0.0, 1.0],
                [0.066118, 0.971228, 0.228789, 0.0, -0.017325, -0.228139, 0.973474, 0.4, 0.997661, -0.068328, 0.001742, -0.0, 0.0, 0.0, 0.0, 1.0],
                [0.06636, 0.967187, 0.245245, 0.0, -0.017074, -0.24465, 0.969461, 0.4, 0.997649, -0.068521, 0.000279, -0.0, 0.0, 0.0, 0.0, 1.0],
                [0.066589, 0.963159, 0.260559, -0.0, -0.016844, -0.260016, 0.965457, 0.4, 0.997638, -0.068678, -0.001091, 0.0, 0.0, 0.0, 0.0, 1.0],
                [0.066857, 0.958246, 0.27802, -0.0, -0.016585, -0.277537, 0.960572, 0.4, 0.997625, -0.068831, -0.002663, -0.0, 0.0, 0.0, 0.0, 1.0],
                [0.067857, 0.937938, 0.3401, -0.0, -0.015692, -0.33984, 0.940352, 0.4, 0.997571, -0.069147, -0.008343, -0.0, 0.0, 0.0, 0.0, 1.0],
                [0.067858, 0.937938, 0.3401, 0.0, -0.015692, -0.33984, 0.940352, 0.4, 0.997571, -0.069147, -0.008343, 0.0, 0.0, 0.0, 0.0, 1.0],
                [-0.02528, 0.963491, 0.266545, 0.0, -0.011789, -0.266899, 0.963652, 0.4, 0.999611, 0.021219, 0.018106, -0.0, 0.0, 0.0, 0.0, 1.0],
                [-0.104291, 0.973725, 0.20244, -0.0, -0.022226, -0.20578, 0.978346, 0.4, 0.994298, 0.097534, 0.043103, 0.0, 0.0, 0.0, 0.0, 1.0],
                [-0.118268, 0.974207, 0.192181, 0.0, -0.034172, -0.197417, 0.979724, 0.4, 0.992393, 0.109303, 0.056638, 0.0, 0.0, 0.0, 0.0, 1.0],
                [-0.107892, 0.969961, 0.218026, 0.0, -0.051825, -0.224495, 0.973096, 0.4, 0.992811, 0.09369, 0.074489, -0.0, 0.0, 0.0, 0.0, 1.0],
                [-0.08043, 0.957407, 0.277314, -0.0, -0.073412, -0.28315, 0.956262, 0.4, 0.994053, 0.056554, 0.093059, 0.0, 0.0, 0.0, 0.0, 1.0],
                [-0.018081, 0.910281, 0.413595, -0.0, -0.121147, -0.41261, 0.902816, 0.4, 0.99247, -0.033782, 0.117738, 0.0, 0.0, 0.0, 0.0, 1.0],
                [-0.005864, 0.897723, 0.440521, -0.0, -0.130804, -0.437432, 0.889687, 0.4, 0.991391, -0.052404, 0.119991, -0.0, 0.0, 0.0, 0.0, 1.0],
                [-0.105135, 0.922757, 0.370763, 0.0, 0.117245, -0.358727, 0.92605, 0.4, 0.987522, 0.140831, -0.070474, 0.0, 0.0, 0.0, 0.0, 1.0],
                [-0.022743, 0.961606, 0.273487, 0.0, 0.046756, -0.272236, 0.961094, 0.4, 0.998647, 0.034646, -0.03877, -0.0, 0.0, 0.0, 0.0, 1.0],
                [0.041831, 0.970197, 0.238677, 0.0, -0.000363, -0.238871, 0.971051, 0.4, 0.999125, -0.040707, -0.00964, -0.0, 0.0, 0.0, 0.0, 1.0]
            ]
        },
        {
            "name": "Arm_R",
            "time": [0.0, 0.2333, 0.2667, 0.2833, 0.3, 0.3667, 0.5667, 0.6167, 0.65, 0.6667, 0.6833, 0.7, 0.7167, 0.75, 0.9833, 1.3, 1.4167],
            "transform": [
                [0.103006, 0.164452, -0.980992, -0.0, 0.908447, 0.386115, 0.160116, 0.393861, 0.405109, -0.907672, -0.109623, -0.0, 0.0, 0.0, 0.0, 1.0],
                [0.012319, -0.961587, -0.274222, -0.0, 0.014913, 0.274389, -0.961503, 0.39386, 0.999813, 0.007755, 0.01772, -0.0, 0.0, 0.0, 0.0, 1.0],
                [-0.051343, -0.062443, -0.996727, 0.0, -0.103729, 0.992979, -0.056865, 0.39386, 0.993279, 0.100471, -0.05746, -0.0, 0.0, 0.0, 0.0, 1.0],
                [-0.213219, -0.113062, -0.97044, 0.0, -0.127311, 0.988027, -0.08714, 0.39386, 0.968674, 0.104968, -0.22506, 0.0, 0.0, 0.0, 0.0, 1.0],
                [-0.32703, -0.266853, -0.906553, -0.0, -0.105818, 0.963609, -0.245475, 0.39386, 0.93907, 0.015652, -0.343368, -0.0, 0.0, 0.0, 0.0, 1.0],
                [0.146414, 0.073778, -0.986468, 0.0, 0.429359, 0.893646, 0.130562, 0.39386, 0.891186, -0.442665, 0.099164, 0.0, 0.0, 0.0, 0.0, 1.0],
                [-0.056973, 0.020048, -0.998174, -0.0, 0.626482, 0.779176, -0.020109, 0.393861, 0.777351, -0.626483, -0.056952, -0.0, 0.0, 0.0, 0.0, 1.0],
                [-0.426523, -0.111403, -0.897589, -0.0, 0.499441, 0.798362, -0.336416, 0.39386, 0.754079, -0.591782, -0.284881, -0.0, 0.0, 0.0, 0.0, 1.0],
                [-0.470667, -0.538109, -0.69922, -0.0, 0.329269, 0.62811, -0.705025, 0.39386, 0.818568, -0.562064, -0.118448, 0.0, 0.0, 0.0, 0.0, 1.0],
                [-0.455133, -0.5671, -0.686477, -0.0, 0.35899, 0.588656, -0.7243, 0.39386, 0.81485, -0.576091, -0.064334, -0.0, 0.0, 0.0, 0.0, 1.0],
                [-0.47302, -0.059126, -0.879064, 0.0, 0.616055, 0.691091, -0.37798, 0.39386, 0.629863, -0.720344, -0.290475, 0.0, 0.0, 0.0, 0.0, 1.0],
                [-0.919118, -0.021336, -0.393403, 0.0, 0.262339, 0.711831, -0.651516, 0.39386, 0.293938, -0.702025, -0.64866, 0.0, 0.0, 0.0, 0.0, 1.0],
                [-0.676443, -0.26108, -0.688666, -0.0, 0.146948, 0.868413, -0.473565, 0.39386, 0.721686, -0.421537, -0.549068, 0.0, 0.0, 0.0, 0.0, 1.0],
                [-0.486269, -0.144801, -0.861728, 0.0, 0.132253, 0.962617, -0.236384, 0.393861, 0.863742, -0.228911, -0.448941, 0.0, 0.0, 0.0, 0.0, 1.0],
                [-0.129988, -0.261921, -0.956295, -0.0, 0.1565, 0.946969, -0.280639, 0.39386, 0.979087, -0.186139, -0.082104, -0.0, 0.0, 0.0, 0.0, 1.0],
                [-0.626731, -0.180188, -0.758116, -0.0, 0.418687, 0.742663, -0.522641, 0.39386, 0.657199, -0.644969, -0.390007, 0.0, 0.0, 0.0, 0.0, 1.0],
                [-0.120641, 0.179523, -0.976329, -0.0, 0.914113, 0.403604, -0.03874, 0.393861, 0.387097, -0.897148, -0.212794, -0.0, 0.0, 0.0, 0.0, 1.0]
            ]
        },
        {
            "name": "Hand_R",
            "time": [0.0, 0.2333, 0.2667, 0.2833, 0.3, 0.3667, 0.5667, 0.6167, 0.65, 0.6667, 0.6833, 0.7, 0.7167, 0.75, 0.9833, 1.3, 1.4167],
            "transform": [
                [1.0, 0.0, -0.0, -0.0, 0.0, 0.911086, -0.412216, 0.3, 0.0, 0.412216, 0.911086, -0.0, 0.0, 0.0, 0.0, 1.0],
                [1.0, 0.0, 0.0, 0.0, 0.0, 0.815671, -0.578516, 0.3, 0.0, 0.578516, 0.815671, -0.0, 0.0, 0.0, 0.0, 1.0],
                [1.0, 0.0, 0.0, -0.0, -0.0, 0.173896, -0.984765, 0.3, 0.0, 0.984764, 0.173896, 0.0, 0.0, 0.0, 0.0, 1.0],
                [1.0, -0.0, -0.0, 0.0, -0.0, 0.322009, -0.946737, 0.3, -0.0, 0.946736, 0.322009, -0.0, 0.0, 0.0, 0.0, 1.0],
                [1.0, 0.0, 0.0, 0.0, 0.0, 0.394324, -0.918972, 0.3, 0.0, 0.918971, 0.394324, -0.0, 0.0, 0.0, 0.0, 1.0],
                [1.0, 0.0, -0.0, -0.0, -0.0, 0.763348, -0.645988, 0.3, -0.0, 0.645988, 0.763348, 0.0, 0.0, 0.0, 0.0, 1.0],
                [1.0, 0.0, -0.0, -0.0, -0.0, 0.820451, -0.571717, 0.3, -0.0, 0.571717, 0.820451, -0.0, 0.0, 0.0, 0.0, 1.0],
                [1.0, 0.0, -0.0, 0.0, 0.0, 0.437475, -0.899231, 0.3, -0.0, 0.89923, 0.437475, -0.0, 0.0, 0.0, 0.0, 1.0],
                [1.0, 0.0, 0.0, 0.0, 0.0, 0.666389, -0.745604, 0.3, -0.0, 0.745604, 0.666389, 0.0, 0.0, 0.0, 0.0, 1.0],
                [1.0, 0.0, -0.0, -0.0, 0.0, 0.659675, -0.751552, 0.3, 0.0, 0.751551, 0.659675, 0.0, 0.0, 0.0, 0.0, 1.0],
                [1.0, 0.0, -0.0, -0.0, 0.0, 0.090445, -0.995902, 0.3, 0.0, 0.995901, 0.090445, 0.0, 0.0, 0.0, 0.0, 1.0],
                [1.0, 0.0, 0.0, -0.0, -0.0, -0.051957, -0.99865, 0.3, -0.0, 0.998649, -0.051957, 0.0, 0.0, 0.0, 0.0, 1.0],
                [1.0, 0.0, 0.0, 0.0, -0.0, 0.232107, -0.972691, 0.3, -0.0, 0.972689, 0.232107, 0.0, 0.0, 0.0, 0.0, 1.0],
                [1.0, 0.0, 0.0, -0.0, -0.0, 0.304006, -0.95267, 0.3, -0.0, 0.95267, 0.304006, 0.0, 0.0, 0.0, 0.0, 1.0],
                [1.0, 0.0, -0.0, -0.0, 0.0, 0.294941, -0.955516, 0.3, -0.0, 0.955516, 0.294941, -0.0, 0.0, 0.0, 0.0, 1.0],
                [1.0, 0.0, 0.0, 0.0, 0.0, 0.392891, -0.919584, 0.3, -0.0, 0.919586, 0.392891, 0.0, 0.0, 0.0, 0.0, 1.0],
                [1.0, 0.0, -0.0, -0.0, -0.0, 0.725244, -0.688492, 0.3, -0.0, 0.688492, 0.725244, -0.0, 0.0, 0.0, 0.0, 1.0]
            ]
        },
        {
            "name": "Tool_R",
            "time": [0.0, 0.2333, 0.2667, 0.2833, 0.3, 0.3667, 0.5667, 0.6167, 0.65, 0.6667, 0.6833, 0.7, 0.7167, 0.75, 0.9833, 1.3, 1.4167],
            "transform": [
                [0.0, 0.0, 0.0, 0.0, 0.0, 0.0, 0.0, 0.272858, 0.0, 0.0, 0.0, 0.0, 0.0, 0.0, 0.0, 1.0],
                [0.0, 0.0, 0.0, -0.0, 0.0, 0.0, 0.0, 0.272858, 0.0, 0.0, 0.0, 0.0, 0.0, 0.0, 0.0, 1.0],
                [0.0, 0.0, 0.0, 0.0, 0.0, 0.0, 0.0, 0.272858, 0.0, 0.0, 0.0, 0.0, 0.0, 0.0, 0.0, 1.0],
                [0.0, 0.0, 0.0, 0.0, 0.0, 0.0, 0.0, 0.272858, 0.0, 0.0, 0.0, -0.0, 0.0, 0.0, 0.0, 1.0],
                [0.0, 0.0, 0.0, -0.0, 0.0, 0.0, 0.0, 0.272858, 0.0, 0.0, 0.0, 0.0, 0.0, 0.0, 0.0, 1.0],
                [0.0, 0.0, 0.0, 0.0, 0.0, 0.0, 0.0, 0.272858, 0.0, 0.0, 0.0, -0.0, 0.0, 0.0, 0.0, 1.0],
                [0.0, 0.0, 0.0, -0.0, 0.0, 0.0, 0.0, 0.272858, 0.0, 0.0, 0.0, 0.0, 0.0, 0.0, 0.0, 1.0],
                [0.0, 0.0, 0.0, 0.0, 0.0, 0.0, 0.0, 0.272858, 0.0, 0.0, 0.0, -0.0, 0.0, 0.0, 0.0, 1.0],
                [0.0, 0.0, 0.0, -0.0, 0.0, 0.0, 0.0, 0.272858, 0.0, 0.0, 0.0, -0.0, 0.0, 0.0, 0.0, 1.0],
                [0.0, 0.0, 0.0, -0.0, 0.0, 0.0, 0.0, 0.272858, 0.0, 0.0, 0.0, 0.0, 0.0, 0.0, 0.0, 1.0],
                [0.0, 0.0, 0.0, 0.0, 0.0, 0.0, 0.0, 0.272858, 0.0, 0.0, 0.0, 0.0, 0.0, 0.0, 0.0, 1.0],
                [0.0, 0.0, 0.0, -0.0, 0.0, 0.0, 0.0, 0.272858, 0.0, 0.0, 0.0, 0.0, 0.0, 0.0, 0.0, 1.0],
                [0.0, 0.0, 0.0, 0.0, 0.0, 0.0, 0.0, 0.272858, 0.0, 0.0, 0.0, 0.0, 0.0, 0.0, 0.0, 1.0],
                [0.0, 0.0, 0.0, -0.0, 0.0, 0.0, 0.0, 0.272858, 0.0, 0.0, 0.0, 0.0, 0.0, 0.0, 0.0, 1.0],
                [0.0, 0.0, 0.0, -0.0, 0.0, 0.0, 0.0, 0.272858, 0.0, 0.0, 0.0, -0.0, 0.0, 0.0, 0.0, 1.0],
                [0.0, 0.0, 0.0, 0.0, 0.0, 0.0, 0.0, 0.272858, 0.0, 0.0, 0.0, -0.0, 0.0, 0.0, 0.0, 1.0],
                [0.0, 0.0, 0.0, 0.0, 0.0, 0.0, 0.0, 0.272858, 0.0, 0.0, 0.0, 0.0, 0.0, 0.0, 0.0, 1.0]
            ]
        },
        {
            "name": "Elbow_R",
            "time": [0.0, 0.2333, 0.2667, 0.2833, 0.3, 0.3667, 0.5667, 0.6167, 0.65, 0.6667, 0.6833, 0.7, 0.7167, 0.75, 0.9833, 1.3, 1.4167],
            "transform": [
                [-1.0, 0.0, -0.0, 0.0, 0.0, -0.0, -1.0, 0.35014, -0.0, -1.0, 0.0, 0.0, 0.0, 0.0, 0.0, 1.0],
                [-1.0, 0.0, -0.0, 0.0, -0.0, -0.0, -1.0, 0.368135, -0.0, -1.0, 0.0, -0.0, 0.0, 0.0, 0.0, 1.0],
                [-1.0, 0.0, -0.0, -0.0, 0.0, -0.0, -1.0, 0.441145, -0.0, -1.0, 0.0, -0.0, 0.0, 0.0, 0.0, 1.0],
                [-1.0, 0.0, -0.0, 0.0, 0.0, 0.0, -1.0, 0.426801, -0.0, -1.0, -0.0, -0.0, 0.0, 0.0, 0.0, 1.0],
                [-1.0, 0.0, -0.0, -0.0, 0.0, -0.0, -1.0, 0.41954, -0.0, -1.0, 0.0, 0.0, 0.0, 0.0, 0.0, 1.0],
                [-1.0, 0.0, 0.0, -0.0, 0.0, -0.0, -1.0, 0.376139, -0.0, -1.0, 0.0, -0.0, 0.0, 0.0, 0.0, 1.0],
                [-1.0, 0.0, 0.0, 0.0, 0.0, -0.0, -1.0, 0.367356, -0.0, -1.0, 0.0, -0.0, 0.0, 0.0, 0.0, 1.0],
                [-1.0, 0.0, 0.0, 0.0, 0.0, -0.0, -1.0, 0.415093, -0.0, -1.0, 0.0, -0.0, 0.0, 0.0, 0.0, 1.0],
                [-1.0, 0.0, 0.0, 0.0, -0.0, 0.0, -1.0, 0.389176, -0.0, -1.0, 0.0, -0.0, 0.0, 0.0, 0.0, 1.0],
                [-1.0, 0.0, 0.0, -0.0, -0.0, -0.0, -1.0, 0.390017, -0.0, -1.0, 0.0, 0.0, 0.0, 0.0, 0.0, 1.0],
                [-1.0, 0.0, 0.0, -0.0, 0.0, -0.0, -1.0, 0.4472, -0.0, -1.0, 0.0, 0.0, 0.0, 0.0, 0.0, 1.0],
                [-1.0, 0.0, -0.0, -0.0, 0.0, -0.0, -1.0, 0.4472, -0.0, -1.0, 0.0, 0.0, 0.0, 0.0, 0.0, 1.0],
                [-1.0, 0.0, 0.0, -0.0, 0.0, -0.0, -1.0, 0.435573, -0.0, -1.0, 0.0, 0.0, 0.0, 0.0, 0.0, 1.0],
                [-1.0, 0.0, 0.0, 0.0, 0.0, -0.0, -1.0, 0.428578, -0.0, -1.0, -0.0, 0.0, 0.0, 0.0, 0.0, 1.0],
                [-1.0, 0.0, 0.0, -0.0, -0.0, -0.0, -1.0, 0.429468, -0.0, -1.0, -0.0, 0.0, 0.0, 0.0, 0.0, 1.0],
                [-1.0, 0.0, -0.0, 0.0, 0.0, 0.0, -1.0, 0.419687, -0.0, -1.0, 0.0, 0.0, 0.0, 0.0, 0.0, 1.0],
                [-1.0, 0.0, 0.0, -0.0, -0.0, 0.0, -1.0, 0.381489, -0.0, -1.0, -0.0, 0.0, 0.0, 0.0, 0.0, 1.0]
            ]
        },
        {
            "name": "Shoulder_L",
            "time": [0.0, 0.2333, 0.2667, 0.2833, 0.3, 0.3667, 0.5667, 0.6167, 0.65, 0.6667, 0.6833, 0.7, 0.7167, 0.75, 0.9833, 1.3, 1.4167],
            "transform": [
                [0.129877, -0.96538, -0.226214, -0.0, -0.1509, -0.244733, 0.957776, 0.4, -0.97998, -0.090257, -0.177461, -0.0, 0.0, 0.0, 0.0, 1.0],
                [0.013262, -0.956464, -0.29155, 0.0, -0.181607, -0.28903, 0.939937, 0.4, -0.983282, 0.040482, -0.177533, -0.0, 0.0, 0.0, 0.0, 1.0],
                [0.141421, -0.940956, -0.307575, 0.0, -0.093162, -0.321968, 0.942156, 0.4, -0.985556, -0.104587, -0.133195, -0.0, 0.0, 0.0, 0.0, 1.0],
                [0.222317, -0.922279, -0.31619, -0.0, -0.034653, -0.331576, 0.942792, 0.4, -0.974358, -0.198642, -0.105675, 0.0, 0.0, 0.0, 0.0, 1.0],
                [0.265839, -0.909035, -0.320912, -0.0, -0.002613, -0.333569, 0.942722, 0.4, -0.964014, -0.249774, -0.091051, -0.0, 0.0, 0.0, 0.0, 1.0],
                [0.290763, -0.951336, -0.102062, -0.0, -0.192248, -0.162584, 0.967784, 0.4, -0.937282, -0.261774, -0.230166, -0.0, 0.0, 0.0, 0.0, 1.0],
                [0.285489, -0.937585, 0.19857, 0.0, -0.051525, 0.191878, 0.980065, 0.4, -0.956996, -0.290029, 0.00647, 0.0, 0.0, 0.0, 0.0, 1.0],
                [0.089761, -0.995888, -0.012274, 0.0, 0.169907, 0.003168, 0.985455, 0.4, -0.981364, -0.09054, 0.169493, -0.0, 0.0, 0.0, 0.0, 1.0],
                [-0.111987, -0.981117, -0.157695, -0.0, 0.275156, -0.183104, 0.943802, 0.4, -0.954855, 0.062303, 0.290466, 0.0, 0.0, 0.0, 0.0, 1.0],
                [-0.161507, -0.971611, -0.172881, 0.0, 0.286632, -0.213813, 0.933877, 0.4, -0.944329, 0.101275, 0.313027, 0.0, 0.0, 0.0, 0.0, 1.0],
                [-0.17741, -0.969338, -0.17003, 0.0, 0.288142, -0.216361, 0.932825, 0.4, -0.94101, 0.116499, 0.317691, -0.0, 0.0, 0.0, 0.0, 1.0],
