{
    "animation": [
        {
            "name": "Root",
            "time": [0.0, 0.0833, 0.1833, 0.2667, 0.45, 0.5167, 0.5833, 0.6, 0.6333, 0.6667, 0.7, 0.7167, 0.7333, 0.75, 0.7667, 0.8333, 0.8833, 1.0833, 1.1, 1.1167, 1.1333, 1.15, 1.1667, 1.2, 1.2167, 1.2333, 1.3, 1.4167, 1.6, 1.75, 1.8167, 1.9167, 1.9333, 1.95, 1.9667, 1.9833, 2.0, 2.0167, 2.0333, 2.1, 2.1167, 2.4333, 2.65],
            "transform": [
                [0.256425, -0.014521, 0.966455, 0.055689, 0.966546, -0.002258, -0.256483, 0.074864, 0.005907, 0.999892, 0.013456, 0.551478, 0.0, 0.0, 0.0, 1.0],
                [0.451778, -0.014521, 0.892012, 0.055689, 0.892089, -0.002258, -0.451854, 0.074864, 0.008576, 0.999892, 0.011934, 0.551478, 0.0, 0.0, 0.0, 1.0],
                [0.627382, -0.014521, 0.778576, 0.055689, 0.778636, -0.002258, -0.627472, 0.074864, 0.01087, 0.999892, 0.00989, 0.551478, 0.0, 0.0, 0.0, 1.0],
                [0.983562, -0.014521, 0.179984, 0.055689, 0.17997, -0.002258, -0.983669, 0.074864, 0.014691, 0.999892, 0.000392, 0.521478, 0.0, 0.0, 0.0, 1.0],
                [0.516834, -0.007258, -0.856055, 0.071421, -0.85596, 0.012779, -0.516885, 0.335738, 0.014691, 0.999892, 0.000392, 0.521478, 0.0, 0.0, 0.0, 1.0],
                [-0.19756, -0.006267, -0.980271, 0.071421, -0.980224, 0.0129, 0.197468, 0.414952, 0.011408, 0.999897, -0.008692, 0.633652, 0.0, 0.0, 0.0, 1.0],
                [-0.631643, -0.007258, -0.775226, -0.0544, -0.775241, 0.012778, 0.631536, 0.679205, 0.005323, 0.999892, -0.013698, 0.672023, 0.0, 0.0, 0.0, 1.0],
                [-0.894265, -0.007725, -0.44747, -0.041234, -0.447536, 0.013414, 0.894165, 0.787914, -0.000905, 0.99988, -0.015453, 0.661725, 0.0, 0.0, 0.0, 1.0],
                [-0.994442, -0.007515, 0.105019, -0.010883, 0.104912, 0.013485, 0.99439, 0.879923, -0.008889, 0.999881, -0.012622, 0.637986, 0.0, 0.0, 0.0, 1.0],
                [-0.80832, -0.007284, 0.588699, 0.023192, 0.588587, 0.013075, 0.808328, 0.95199, -0.013585, 0.999888, -0.006282, 0.611333, 0.0, 0.0, 0.0, 1.0],
                [-0.65679, -0.007258, 0.754039, 0.040812, 0.753936, 0.012779, 0.656824, 0.98215, -0.014403, 0.999892, -0.002921, 0.597551, 0.0, 0.0, 0.0, 1.0],
                [0.44564, -0.20304, 0.871883, 0.085576, 0.886904, 0.232519, -0.39917, 1.076021, -0.121682, 0.951162, 0.283697, 0.532431, 0.0, 0.0, 0.0, 1.0],
                [0.898506, -0.174719, 0.402691, 0.105339, 0.438112, 0.413949, -0.797937, 1.11865, -0.027279, 0.893375, 0.448483, 0.501609, 0.0, 0.0, 0.0, 1.0],
                [0.98673, -0.12204, 0.107103, 0.113274, 0.1539, 0.492651, -0.85651, 1.135766, 0.051764, 0.861627, 0.504895, 0.489233, 0.0, 0.0, 0.0, 1.0],
                [0.994087, -0.104931, 0.027942, 0.114407, 0.078213, 0.513403, -0.854576, 1.138212, 0.075326, 0.851708, 0.518575, 0.487465, 0.0, 0.0, 0.0, 1.0],
                [0.994087, -0.104931, 0.027942, 0.114407, 0.078213, 0.513403, -0.854576, 1.138212, 0.075326, 0.851708, 0.518575, 0.487465, 0.0, 0.0, 0.0, 1.0],
                [0.994087, -0.104931, 0.027942, 0.114407, 0.078213, 0.513403, -0.854576, 1.138212, 0.075326, 0.851708, 0.518575, 0.487465, 0.0, 0.0, 0.0, 1.0],
                [0.994087, -0.08784, 0.063839, 0.114407, 0.078213, 0.171385, -0.982095, 1.138212, 0.075326, 0.98128, 0.177242, 0.487465, 0.0, 0.0, 0.0, 1.0],
                [0.994087, -0.08784, 0.063839, 0.114407, 0.078213, 0.171385, -0.982095, 1.138212, 0.075326, 0.98128, 0.177242, 0.487465, 0.0, 0.0, 0.0, 1.0],
                [0.994087, -0.08784, 0.063839, 0.114407, 0.078213, 0.171385, -0.982095, 1.138212, 0.075326, 0.98128, 0.177242, 0.487465, 0.0, 0.0, 0.0, 1.0],
                [0.981342, -0.088858, 0.170505, 0.114407, 0.18329, 0.164487, -0.9692, 1.138212, 0.058076, 0.982369, 0.177705, 0.489752, 0.0, 0.0, 0.0, 1.0],
                [0.903832, -0.081955, 0.419966, 0.114407, 0.427492, 0.130756, -0.894513, 1.138212, 0.018397, 0.988021, 0.153217, 0.503585, 0.0, 0.0, 0.0, 1.0],
                [0.715542, -0.043014, 0.697244, 0.114407, 0.698488, 0.05937, -0.713155, 1.138212, -0.01072, 0.997309, 0.072527, 0.534958, 0.0, 0.0, 0.0, 1.0],
                [0.617473, -0.017022, 0.786408, 0.114407, 0.786498, 0.028847, -0.616919, 1.138212, -0.012184, 0.999439, 0.0312, 0.547993, 0.0, 0.0, 0.0, 1.0],
                [0.602521, -0.011171, 0.798025, 0.114407, 0.798034, 0.021592, -0.602226, 1.138212, -0.010504, 0.999704, 0.021924, 0.554201, 0.0, 0.0, 0.0, 1.0],
                [0.602521, -0.011171, 0.798025, 0.114407, 0.798034, 0.021592, -0.602226, 1.138212, -0.010504, 0.999704, 0.021924, 0.562259, 0.0, 0.0, 0.0, 1.0],
                [0.602521, -0.011171, 0.798025, 0.114407, 0.798034, 0.021592, -0.602226, 1.138212, -0.010504, 0.999704, 0.021924, 0.570107, 0.0, 0.0, 0.0, 1.0],
                [0.602521, -0.011171, 0.798025, 0.114407, 0.798034, 0.021592, -0.602226, 1.138212, -0.010504, 0.999704, 0.021924, 0.58048, 0.0, 0.0, 0.0, 1.0],
                [0.602521, -0.011171, 0.798025, 0.114407, 0.798034, 0.021592, -0.602226, 1.138212, -0.010504, 0.999704, 0.021924, 0.586706, 0.0, 0.0, 0.0, 1.0],
                [0.601734, -0.014395, 0.798567, 0.114407, 0.797723, 0.060174, -0.600014, 1.138212, -0.039415, 0.998084, 0.047692, 0.574237, 0.0, 0.0, 0.0, 1.0],
                [0.600991, -0.014548, 0.799123, 0.114407, 0.797316, 0.08053, -0.598166, 1.138212, -0.055652, 0.996646, 0.059997, 0.56789, 0.0, 0.0, 0.0, 1.0],
                [0.594741, -0.010838, 0.803845, 0.114407, 0.800335, 0.102272, -0.590765, 1.138212, -0.075808, 0.994697, 0.0695, 0.561769, 0.0, 0.0, 0.0, 1.0],
                [0.58053, -0.008801, 0.814191, 0.114407, 0.81039, 0.103352, -0.576702, 1.140601, -0.079073, 0.994606, 0.067132, 0.561769, 0.0, 0.0, 0.0, 1.0],
                [0.562458, -0.008173, 0.826785, 0.114407, 0.822847, 0.103512, -0.558756, 1.14466, -0.081016, 0.994595, 0.064947, 0.561769, 0.0, 0.0, 0.0, 1.0],
                [0.546939, -0.008175, 0.837133, 0.114407, 0.833143, 0.103309, -0.543323, 1.148371, -0.082041, 0.994616, 0.063315, 0.561769, 0.0, 0.0, 0.0, 1.0],
                [0.540255, -0.008072, 0.841463, 0.114407, 0.83744, 0.103278, -0.536682, 1.149954, -0.082573, 0.99462, 0.062556, 0.561769, 0.0, 0.0, 0.0, 1.0],
                [0.536327, -0.007952, 0.843973, 0.114407, 0.839925, 0.103292, -0.532782, 1.15088, -0.082939, 0.994619, 0.062078, 0.561769, 0.0, 0.0, 0.0, 1.0],
                [0.534154, -0.007777, 0.845351, 0.114407, 0.841278, 0.103361, -0.530629, 1.15139, -0.083249, 0.994614, 0.061753, 0.561769, 0.0, 0.0, 0.0, 1.0],
                [0.531289, -0.007671, 0.847156, 0.114407, 0.843062, 0.103383, -0.527786, 1.152062, -0.083533, 0.994612, 0.061393, 0.561769, 0.0, 0.0, 0.0, 1.0],
                [0.505846, -0.008121, 0.862586, 0.114407, 0.858466, 0.102804, -0.502462, 1.157984, -0.084597, 0.994668, 0.058975, 0.561769, 0.0, 0.0, 0.0, 1.0],
                [0.361792, -0.011163, 0.932192, 0.114407, 0.929801, 0.076891, -0.359943, 1.19089, -0.067659, 0.996977, 0.038198, 0.561769, 0.0, 0.0, 0.0, 1.0],
                [0.775227, -0.01977, 0.631374, 0.042081, 0.629485, 0.107484, -0.769543, 1.238885, -0.052649, 0.99401, 0.095769, 0.663578, 0.0, 0.0, 0.0, 1.0],
                [0.914643, -0.014284, 0.404009, 0.004607, 0.402527, 0.124657, -0.906881, 1.251879, -0.037408, 0.992097, 0.119766, 0.716329, 0.0, 0.0, 0.0, 1.0]
            ]
        },
        {
            "name": "Thigh_R",
            "time": [0.0, 0.0833, 0.1833, 0.2667, 0.45, 0.5167, 0.5833, 0.6, 0.6333, 0.6667, 0.7, 0.7167, 0.7333, 0.75, 0.7667, 0.8333, 0.8833, 1.0833, 1.1, 1.1167, 1.1333, 1.15, 1.1667, 1.2, 1.2167, 1.2333, 1.3, 1.4167, 1.6, 1.75, 1.8167, 1.9167, 1.9333, 1.95, 1.9667, 1.9833, 2.0, 2.0167, 2.0333, 2.1, 2.1167, 2.4333, 2.65],
            "transform": [
                [0.654123, 0.588928, 0.474638, 0.124994, 0.336985, -0.788695, 0.514195, -0.002831, 0.677172, -0.176401, -0.714367, -1.2e-05, 0.0, 0.0, 0.0, 1.0],
                [0.794691, 0.530884, 0.294315, 0.124994, 0.314412, -0.774751, 0.548546, -0.002831, 0.519238, -0.343388, -0.782608, -1.2e-05, 0.0, 0.0, 0.0, 1.0],
                [0.831436, 0.506217, 0.229029, 0.124994, 0.293065, -0.749756, 0.593276, -0.002831, 0.472045, -0.42615, -0.771731, -1.2e-05, 0.0, 0.0, 0.0, 1.0],
                [0.959408, 0.27015, -0.08094, 0.124994, 0.236049, -0.61219, 0.754654, -0.002831, 0.154321, -0.743126, -0.651111, -1.2e-05, 0.0, 0.0, 0.0, 1.0],
                [0.894619, -0.053226, -0.443647, 0.124994, 0.310804, -0.639218, 0.703421, -0.002831, -0.321025, -0.767178, -0.555315, -1.2e-05, 0.0, 0.0, 0.0, 1.0],
                [0.78302, -0.246626, -0.571011, 0.124994, 0.171403, -0.796933, 0.579242, -0.002831, -0.597913, -0.551424, -0.581743, -1.2e-05, 0.0, 0.0, 0.0, 1.0],
                [0.529357, 0.390679, 0.753091, 0.124994, -0.221006, -0.793513, 0.567001, -0.002831, 0.819107, -0.466584, -0.333712, -1.2e-05, 0.0, 0.0, 0.0, 1.0],
                [0.666448, 0.231604, 0.708662, 0.124994, -0.073295, -0.925563, 0.371428, -0.002831, 0.741939, -0.299476, -0.599865, -1.2e-05, 0.0, 0.0, 0.0, 1.0],
                [0.060237, 0.555621, 0.829247, 0.124994, 0.454204, -0.755023, 0.472904, -0.002831, 0.888858, 0.348161, -0.297849, -1.2e-05, 0.0, 0.0, 0.0, 1.0],
                [0.297599, 0.688417, 0.661445, 0.124994, 0.348027, -0.723387, 0.596312, -0.002831, 0.888994, 0.05274, -0.454871, -1.2e-05, 0.0, 0.0, 0.0, 1.0],
                [0.153284, 0.683322, 0.71384, 0.124994, 0.279553, -0.722851, 0.631931, -0.002831, 0.947815, 0.102691, -0.301829, -1.2e-05, 0.0, 0.0, 0.0, 1.0],
                [0.518047, 0.830594, 0.204285, 0.124994, -0.043873, -0.212715, 0.97613, -0.002831, 0.854225, -0.514644, -0.073757, -1.2e-05, 0.0, 0.0, 0.0, 1.0],
                [0.917989, 0.396047, -0.020919, 0.124994, -0.022696, 0.105123, 0.9942, -0.002831, 0.395954, -0.91219, 0.105491, -1.2e-05, 0.0, 0.0, 0.0, 1.0],
                [0.99106, 0.110292, -0.075059, 0.124994, 0.049115, 0.221483, 0.973926, -0.002831, 0.124043, -0.968904, 0.214087, -1.2e-05, 0.0, 0.0, 0.0, 1.0],
                [0.995957, 0.029625, -0.084798, 0.124994, 0.075015, 0.244974, 0.966623, -0.002831, 0.049413, -0.969074, 0.241763, -1.2e-05, 0.0, 0.0, 0.0, 1.0],
                [0.995957, 0.029625, -0.084798, 0.124994, 0.075015, 0.244974, 0.966623, -0.002831, 0.049413, -0.969074, 0.241763, -1.2e-05, 0.0, 0.0, 0.0, 1.0],
                [0.995957, 0.029625, -0.084798, 0.124994, 0.075015, 0.244974, 0.966623, -0.002831, 0.049413, -0.969074, 0.241763, -1.2e-05, 0.0, 0.0, 0.0, 1.0],
                [0.995952, 0.029612, -0.084863, 0.124994, 0.087825, -0.119615, 0.988928, -0.002831, 0.019136, -0.992376, -0.121731, -1.2e-05, 0.0, 0.0, 0.0, 1.0],
                [0.995952, 0.029612, -0.084863, 0.124994, 0.087825, -0.119615, 0.988928, -0.002831, 0.019136, -0.992376, -0.121731, -1.2e-05, 0.0, 0.0, 0.0, 1.0],
                [0.995952, 0.029612, -0.084863, 0.124994, 0.087825, -0.119615, 0.988929, -0.002831, 0.019136, -0.992376, -0.121731, -1.2e-05, 0.0, 0.0, 0.0, 1.0],
                [0.988225, 0.136491, -0.069138, 0.124994, 0.087309, -0.131963, 0.987402, -0.002831, 0.125651, -0.981809, -0.142326, -1.2e-05, 0.0, 0.0, 0.0, 1.0],
                [0.920498, 0.390536, -0.012732, 0.124994, 0.101196, -0.206787, 0.973139, -0.002831, 0.377416, -0.897058, -0.229868, -1.2e-05, 0.0, 0.0, 0.0, 1.0],
                [0.7375, 0.660625, 0.140224, 0.124994, 0.160292, -0.372929, 0.913911, -0.002831, 0.656048, -0.651531, -0.380929, -1.2e-05, 0.0, 0.0, 0.0, 1.0],
                [0.639269, 0.735104, 0.22572, 0.124994, 0.197706, -0.440781, 0.875571, -0.002831, 0.743132, -0.515098, -0.427114, -1.2e-05, 0.0, 0.0, 0.0, 1.0],
                [0.625298, 0.739493, 0.249289, 0.124994, 0.203703, -0.463038, 0.862613, -0.002831, 0.753329, -0.488608, -0.440175, -1.2e-05, 0.0, 0.0, 0.0, 1.0],
                [0.626644, 0.732629, 0.265641, 0.124994, 0.201174, -0.481393, 0.853107, -0.002831, 0.752891, -0.481152, -0.449049, -1.2e-05, 0.0, 0.0, 0.0, 1.0],
                [0.627919, 0.725561, 0.281552, 0.124994, 0.198767, -0.499271, 0.843339, -0.002831, 0.752467, -0.473584, -0.457721, -1.2e-05, 0.0, 0.0, 0.0, 1.0],
                [0.629553, 0.715581, 0.302654, 0.124994, 0.195667, -0.523005, 0.829567, -0.002831, 0.751914, -0.463036, -0.469277, -1.2e-05, 0.0, 0.0, 0.0, 1.0],
                [0.630507, 0.709261, 0.315281, 0.124994, 0.19385, -0.537214, 0.820868, -0.002831, 0.751585, -0.456445, -0.476209, -1.2e-05, 0.0, 0.0, 0.0, 1.0],
                [0.621114, 0.739843, 0.258539, 0.124994, 0.197276, -0.466859, 0.862048, -0.002831, 0.758484, -0.484425, -0.435927, -1.2e-05, 0.0, 0.0, 0.0, 1.0],
                [0.615424, 0.75465, 0.22749, 0.124994, 0.200512, -0.429024, 0.880759, -0.002831, 0.762265, -0.496424, -0.415348, -1.2e-05, 0.0, 0.0, 0.0, 1.0],
                [0.602918, 0.773543, 0.195229, 0.124994, 0.208489, -0.388976, 0.897347, -0.002831, 0.770079, -0.500322, -0.395797, -1.2e-05, 0.0, 0.0, 0.0, 1.0],
                [0.587355, 0.783832, 0.20153, 0.124994, 0.212849, -0.389849, 0.895942, -0.002831, 0.780838, -0.48334, -0.39582, -1.2e-05, 0.0, 0.0, 0.0, 1.0],
                [0.56808, 0.794996, 0.212737, 0.124994, 0.2163, -0.393643, 0.893453, -0.002831, 0.794039, -0.461538, -0.395581, -1.2e-05, 0.0, 0.0, 0.0, 1.0],
                [0.551641, 0.803638, 0.223271, 0.124994, 0.218704, -0.397687, 0.891075, -0.002831, 0.804897, -0.442723, -0.395141, -1.2e-05, 0.0, 0.0, 0.0, 1.0],
                [0.544521, 0.807244, 0.227697, 0.124994, 0.219853, -0.399353, 0.890047, -0.002831, 0.809419, -0.434589, -0.394933, -1.2e-05, 0.0, 0.0, 0.0, 1.0],
                [0.540319, 0.809345, 0.230234, 0.124994, 0.22059, -0.400285, 0.889445, -0.002831, 0.812031, -0.429796, -0.394817, -1.2e-05, 0.0, 0.0, 0.0, 1.0],
                [0.537964, 0.810549, 0.231511, 0.124994, 0.22111, -0.400705, 0.889127, -0.002831, 0.813452, -0.427127, -0.394788, -1.2e-05, 0.0, 0.0, 0.0, 1.0],
                [0.53489, 0.812057, 0.233341, 0.124994, 0.22167, -0.40137, 0.888687, -0.002831, 0.815323, -0.423625, -0.394699, -1.2e-05, 0.0, 0.0, 0.0, 1.0],
                [0.507905, 0.823946, 0.251273, 0.124994, 0.225221, -0.408572, 0.884503, -0.002831, 0.831448, -0.39265, -0.393088, -1.2e-05, 0.0, 0.0, 0.0, 1.0],
                [0.359877, 0.852889, 0.378235, 0.124994, 0.2445, -0.477441, 0.843962, -0.002831, 0.900392, -0.211243, -0.380355, -1.2e-05, 0.0, 0.0, 0.0, 1.0],
                [0.484634, 0.66617, 0.566869, 0.124994, 0.09028, -0.682693, 0.725108, -0.002831, 0.870045, -0.300234, -0.390999, -1.2e-05, 0.0, 0.0, 0.0, 1.0],
                [0.756415, 0.45019, 0.47451, 0.124994, 0.1298, -0.814337, 0.565691, -0.002831, 0.641082, -0.366305, -0.674413, -1.2e-05, 0.0, 0.0, 0.0, 1.0]
            ]
        },
        {
            "name": "Leg_R",
            "time": [0.0, 0.0833, 0.1833, 0.2667, 0.45, 0.5167, 0.5833, 0.6, 0.6333, 0.6667, 0.7, 0.7167, 0.7333, 0.75, 0.7667, 0.8333, 0.8833, 1.0833, 1.1, 1.1167, 1.1333, 1.15, 1.1667, 1.2, 1.2167, 1.2333, 1.3, 1.4167, 1.6, 1.75, 1.8167, 1.9167, 1.9333, 1.95, 1.9667, 1.9833, 2.0, 2.0167, 2.0333, 2.1, 2.1167, 2.4333, 2.65],
            "transform": [
                [1.0, -1e-06, 0.0, -0.0, -0.0, 0.472965, 0.881083, 0.37472, -1e-06, -0.881081, 0.472963, 0.0, 0.0, 0.0, 0.0, 1.0],
                [1.0, -0.0, 1e-06, 0.0, -0.0, 0.453023, 0.891502, 0.37472, -1e-06, -0.891498, 0.453021, -0.0, 0.0, 0.0, 0.0, 1.0],
                [1.0, -1e-06, 1e-06, 0.0, -0.0, 0.446185, 0.894943, 0.37472, -1e-06, -0.89494, 0.446183, 0.0, 0.0, 0.0, 0.0, 1.0],
                [1.0, -1e-06, 0.0, 0.0, -0.0, 0.358898, 0.933379, 0.37472, -1e-06, -0.933376, 0.358897, -0.0, 0.0, 0.0, 0.0, 1.0],
                [1.0, -1e-06, 0.0, -0.0, -0.0, 0.385442, 0.922733, 0.37472, -1e-06, -0.922732, 0.385441, 0.0, 0.0, 0.0, 0.0, 1.0],
                [1.0, -0.0, 1e-06, 0.0, -0.0, 0.472225, 0.88148, 0.37472, -1e-06, -0.881479, 0.472224, 0.0, 0.0, 0.0, 0.0, 1.0],
                [1.0, -0.0, 1e-06, 0.0, -0.0, 0.673654, 0.739049, 0.37472, -1e-06, -0.739047, 0.673653, 0.0, 0.0, 0.0, 0.0, 1.0],
                [1.0, -1e-06, 0.0, 0.0, -0.0, 0.351839, 0.936062, 0.37472, -1e-06, -0.936062, 0.351839, -0.0, 0.0, 0.0, 0.0, 1.0],
                [1.0, -1e-06, 0.0, 0.0, -0.0, 0.324974, 0.945728, 0.37472, -1e-06, -0.945722, 0.324973, 0.0, 0.0, 0.0, 0.0, 1.0],
                [1.0, -1e-06, 0.0, -0.0, -0.0, 0.232435, 0.972619, 0.37472, -1e-06, -0.972608, 0.232433, 0.0, 0.0, 0.0, 0.0, 1.0],
                [1.0, -1e-06, 0.0, -0.0, -0.0, 0.276852, 0.96092, 0.37472, -1e-06, -0.960909, 0.27685, 0.0, 0.0, 0.0, 0.0, 1.0],
                [1.0, -1e-06, 0.0, -0.0, -0.0, -0.016327, 0.99987, 0.37472, -1e-06, -0.999864, -0.01633, 0.0, 0.0, 0.0, 0.0, 1.0],
                [1.0, -1e-06, 0.0, -0.0, -0.0, 0.039887, 0.999206, 0.37472, -1e-06, -0.999203, 0.039885, -0.0, 0.0, 0.0, 0.0, 1.0],
                [1.0, -1e-06, 0.0, 0.0, -0.0, 0.140723, 0.990051, 0.37472, -1e-06, -0.990048, 0.140721, -0.0, 0.0, 0.0, 0.0, 1.0],
                [1.0, -1e-06, 0.0, 0.0, -0.0, 0.179725, 0.983718, 0.37472, -1e-06, -0.983716, 0.179724, -0.0, 0.0, 0.0, 0.0, 1.0],
                [1.0, -1e-06, 0.0, 0.0, -0.0, 0.179725, 0.983718, 0.37472, -1e-06, -0.983716, 0.179724, -0.0, 0.0, 0.0, 0.0, 1.0],
                [1.0, -1e-06, 0.0, 0.0, -0.0, 0.179725, 0.983718, 0.37472, -1e-06, -0.983716, 0.179724, -0.0, 0.0, 0.0, 0.0, 1.0],
                [1.0, -1e-06, 0.0, -0.0, -0.0, 0.176326, 0.984334, 0.37472, -1e-06, -0.984331, 0.176325, 0.0, 0.0, 0.0, 0.0, 1.0],
                [1.0, -1e-06, 0.0, -0.0, -0.0, 0.176326, 0.984334, 0.37472, -1e-06, -0.984331, 0.176325, 0.0, 0.0, 0.0, 0.0, 1.0],
                [1.0, -1e-06, 0.0, -0.0, -0.0, 0.176327, 0.984334, 0.37472, -1e-06, -0.98433, 0.176325, 0.0, 0.0, 0.0, 0.0, 1.0],
                [1.0, -1e-06, 0.0, -0.0, -0.0, 0.148332, 0.98894, 0.37472, -1e-06, -0.988936, 0.14833, 0.0, 0.0, 0.0, 0.0, 1.0],
                [1.0, -1e-06, 0.0, 0.0, -0.0, 0.119987, 0.992778, 0.37472, -1e-06, -0.992774, 0.119985, -0.0, 0.0, 0.0, 0.0, 1.0],
                [1.0, -1e-06, 0.0, -0.0, -0.0, 0.169551, 0.985525, 0.37472, -1e-06, -0.985519, 0.169549, -0.0, 0.0, 0.0, 0.0, 1.0],
                [1.0, -1e-06, 0.0, -0.0, -0.0, 0.207033, 0.978338, 0.37472, -1e-06, -0.978332, 0.207031, 0.0, 0.0, 0.0, 0.0, 1.0],
                [1.0, -1e-06, 0.0, 0.0, -0.0, 0.230192, 0.973149, 0.37472, -1e-06, -0.973144, 0.23019, -0.0, 0.0, 0.0, 0.0, 1.0],
                [1.0, -1e-06, 0.0, -0.0, -0.0, 0.260909, 0.965367, 0.37472, -1e-06, -0.965362, 0.260907, 0.0, 0.0, 0.0, 0.0, 1.0],
                [1.0, -1e-06, 0.0, -0.0, -0.0, 0.291266, 0.956645, 0.37472, -1e-06, -0.956641, 0.291264, -0.0, 0.0, 0.0, 0.0, 1.0],
                [1.0, -1e-06, 0.0, -0.0, -0.0, 0.332224, 0.943204, 0.37472, -1e-06, -0.9432, 0.332222, 0.0, 0.0, 0.0, 0.0, 1.0],
                [1.0, -1e-06, 0.0, -0.0, -0.0, 0.35706, 0.934085, 0.37472, -1e-06, -0.93408, 0.357058, 0.0, 0.0, 0.0, 0.0, 1.0],
                [1.0, -1e-06, 0.0, -0.0, -0.0, 0.293599, 0.955933, 0.37472, -1e-06, -0.955927, 0.293597, 0.0, 0.0, 0.0, 0.0, 1.0],
                [1.0, -1e-06, 0.0, 0.0, -0.0, 0.26144, 0.965223, 0.37472, -1e-06, -0.965218, 0.261439, 0.0, 0.0, 0.0, 0.0, 1.0],
                [1.0, -1e-06, 0.0, -0.0, -0.0, 0.228628, 0.973517, 0.37472, -1e-06, -0.973512, 0.228626, 0.0, 0.0, 0.0, 0.0, 1.0],
                [1.0, -1e-06, 0.0, 0.0, -0.0, 0.222609, 0.974911, 0.37472, -1e-06, -0.974906, 0.222607, -0.0, 0.0, 0.0, 0.0, 1.0],
                [1.0, -1e-06, 0.0, 0.0, -0.0, 0.214638, 0.976698, 0.37472, -1e-06, -0.976692, 0.214635, 0.0, 0.0, 0.0, 0.0, 1.0],
                [1.0, -1e-06, 0.0, -0.0, -0.0, 0.208033, 0.978125, 0.37472, -1e-06, -0.97812, 0.208031, -0.0, 0.0, 0.0, 0.0, 1.0],
                [1.0, -1e-06, 0.0, -0.0, -0.0, 0.205258, 0.978711, 0.37472, -1e-06, -0.978706, 0.205256, -0.0, 0.0, 0.0, 0.0, 1.0],
                [1.0, -1e-06, 0.0, 0.0, -0.0, 0.203635, 0.979051, 0.37472, -1e-06, -0.979045, 0.203633, 0.0, 0.0, 0.0, 0.0, 1.0],
                [1.0, -1e-06, 0.0, 0.0, -0.0, 0.202698, 0.979244, 0.37472, -1e-06, -0.979239, 0.202696, -0.0, 0.0, 0.0, 0.0, 1.0],
                [1.0, -1e-06, 0.0, -0.0, -0.0, 0.201529, 0.979486, 0.37472, -1e-06, -0.979481, 0.201527, -0.0, 0.0, 0.0, 0.0, 1.0],
                [1.0, -1e-06, 0.0, -0.0, -0.0, 0.192259, 0.981348, 0.37472, -1e-06, -0.981342, 0.192257, -0.0, 0.0, 0.0, 0.0, 1.0],
                [1.0, -1e-06, 0.0, -0.0, -0.0, 0.16304, 0.986623, 0.37472, -1e-06, -0.986617, 0.163038, -0.0, 0.0, 0.0, 0.0, 1.0],
                [1.0, -0.0, 1e-06, -0.0, -0.0, 0.566797, 0.823861, 0.37472, -1e-06, -0.823858, 0.566797, -0.0, 0.0, 0.0, 0.0, 1.0],
                [1.0, -0.0, 1e-06, 0.0, -0.0, 0.842839, 0.538167, 0.37472, -1e-06, -0.538167, 0.842839, 0.0, 0.0, 0.0, 0.0, 1.0]
            ]
        },
        {
            "name": "Knee_R",
            "time": [0.0, 0.0833, 0.1833, 0.2667, 0.45, 0.5167, 0.5833, 0.6, 0.6333, 0.6667, 0.7, 0.7167, 0.7333, 0.75, 0.7667, 0.8333, 0.8833, 1.0833, 1.1, 1.1167, 1.1333, 1.15, 1.1667, 1.2, 1.2167, 1.2333, 1.3, 1.4167, 1.6, 1.75, 1.8167, 1.9167, 1.9333, 1.95, 1.9667, 1.9833, 2.0, 2.0167, 2.0333, 2.1, 2.1167, 2.4333, 2.65],
            "transform": [
                [1.0, 0.0, -0.0, 0.0, -0.0, 1e-06, -1.0, 0.432971, -0.0, 1.0, 1e-06, -0.0, 0.0, 0.0, 0.0, 1.0],
                [1.0, 0.0, -0.0, 0.0, -0.0, 1e-06, -1.0, 0.435334, -0.0, 1.0, 1e-06, -0.0, 0.0, 0.0, 0.0, 1.0],
                [1.0, 0.0, -0.0, 0.0, -0.0, 1e-06, -1.0, 0.436139, -0.0, 1.0, 1e-06, -0.0, 0.0, 0.0, 0.0, 1.0],
                [1.0, 0.0, -0.0, 0.0, -0.0, 1e-06, -1.0, 0.446161, -0.0, 1.0, 1e-06, 0.0, 0.0, 0.0, 0.0, 1.0],
                [1.0, 0.0, -0.0, -0.0, -0.0, 1e-06, -1.0, 0.443156, -0.0, 1.0, 1e-06, 0.0, 0.0, 0.0, 0.0, 1.0],
                [1.0, 0.0, -0.0, 0.0, -0.0, 1e-06, -1.0, 0.433059, -0.0, 1.0, 1e-06, -0.0, 0.0, 0.0, 0.0, 1.0],
                [1.0, 0.0, -0.0, 0.0, -0.0, 1e-06, -1.0, 0.407079, -0.0, 1.0, 1e-06, -0.0, 0.0, 0.0, 0.0, 1.0],
                [1.0, 0.0, -0.0, -0.0, -0.0, 1e-06, -1.0, 0.446954, -0.0, 1.0, 1e-06, 0.0, 0.0, 0.0, 0.0, 1.0],
                [1.0, 0.0, -0.0, -0.0, -0.0, 1e-06, -1.0, 0.449953, -0.0, 1.0, 1e-06, -0.0, 0.0, 0.0, 0.0, 1.0],
                [1.0, 0.0, -0.0, 0.0, -0.0, 1e-06, -1.0, 0.46008, -0.0, 1.0, 1e-06, -0.0, 0.0, 0.0, 0.0, 1.0],
                [1.0, 0.0, -0.0, -0.0, -0.0, 1e-06, -1.0, 0.455254, 0.0, 1.0, 1e-06, 0.0, 0.0, 0.0, 0.0, 1.0],
                [1.0, 0.0, -0.0, 0.0, -0.0, 1e-06, -1.0, 0.48472, -0.0, 1.0, 1e-06, -0.0, 0.0, 0.0, 0.0, 1.0],
                [1.0, 0.0, -0.0, 0.0, -0.0, 1e-06, -1.0, 0.48053, -0.0, 1.0, 1e-06, -0.0, 0.0, 0.0, 0.0, 1.0],
                [1.0, 0.0, -0.0, 0.0, -0.0, 1e-06, -1.0, 0.469889, -0.0, 1.0, 1e-06, 0.0, 0.0, 0.0, 0.0, 1.0],
                [1.0, 0.0, -0.0, 0.0, -0.0, 1e-06, -1.0, 0.465739, -0.0, 1.0, 1e-06, -0.0, 0.0, 0.0, 0.0, 1.0],
                [1.0, 0.0, -0.0, 0.0, -0.0, 1e-06, -1.0, 0.465739, -0.0, 1.0, 1e-06, -0.0, 0.0, 0.0, 0.0, 1.0],
                [1.0, 0.0, -0.0, 0.0, -0.0, 1e-06, -1.0, 0.465739, -0.0, 1.0, 1e-06, -0.0, 0.0, 0.0, 0.0, 1.0],
                [1.0, 0.0, -0.0, -0.0, -0.0, 1e-06, -1.0, 0.466101, -0.0, 1.0, 1e-06, 0.0, 0.0, 0.0, 0.0, 1.0],
                [1.0, 0.0, -0.0, -0.0, -0.0, 1e-06, -1.0, 0.466101, -0.0, 1.0, 1e-06, 0.0, 0.0, 0.0, 0.0, 1.0],
                [1.0, 0.0, -0.0, 0.0, -0.0, 1e-06, -1.0, 0.466101, -0.0, 1.0, 1e-06, 0.0, 0.0, 0.0, 0.0, 1.0],
                [1.0, 0.0, -0.0, 0.0, -0.0, 1e-06, -1.0, 0.469082, -0.0, 1.0, 1e-06, -0.0, 0.0, 0.0, 0.0, 1.0],
                [1.0, 0.0, -0.0, 0.0, -0.0, 1e-06, -1.0, 0.472086, -0.0, 1.0, 1e-06, 0.0, 0.0, 0.0, 0.0, 1.0],
                [1.0, 0.0, -0.0, -0.0, -0.0, 1e-06, -1.0, 0.466824, -0.0, 1.0, 1e-06, -0.0, 0.0, 0.0, 0.0, 1.0],
                [1.0, 0.0, -0.0, -0.0, -0.0, 1e-06, -1.0, 0.462815, -0.0, 1.0, 1e-06, -0.0, 0.0, 0.0, 0.0, 1.0],
                [1.0, 0.0, -0.0, 0.0, -0.0, 1e-06, -1.0, 0.460322, -0.0, 1.0, 1e-06, 0.0, 0.0, 0.0, 0.0, 1.0],
                [1.0, 0.0, -0.0, 0.0, -0.0, 1e-06, -1.0, 0.456993, -0.0, 1.0, 1e-06, -0.0, 0.0, 0.0, 0.0, 1.0],
                [1.0, 0.0, -0.0, -0.0, -0.0, 1e-06, -1.0, 0.453675, -0.0, 1.0, 1e-06, -0.0, 0.0, 0.0, 0.0, 1.0],
                [1.0, 0.0, -0.0, 0.0, -0.0, 1e-06, -1.0, 0.449147, -0.0, 1.0, 1e-06, 0.0, 0.0, 0.0, 0.0, 1.0],
                [1.0, 0.0, -0.0, 0.0, -0.0, 1e-06, -1.0, 0.446367, -0.0, 1.0, 1e-06, -0.0, 0.0, 0.0, 0.0, 1.0],
                [1.0, 0.0, -0.0, 0.0, -0.0, 1e-06, -1.0, 0.453419, -0.0, 1.0, 1e-06, -0.0, 0.0, 0.0, 0.0, 1.0],
                [1.0, 0.0, -0.0, 0.0, -0.0, 1e-06, -1.0, 0.456935, -0.0, 1.0, 1e-06, -0.0, 0.0, 0.0, 0.0, 1.0],
                [1.0, 0.0, -0.0, 0.0, -0.0, 1e-06, -1.0, 0.46049, -0.0, 1.0, 1e-06, -0.0, 0.0, 0.0, 0.0, 1.0],
                [1.0, 0.0, -0.0, -0.0, -0.0, 1e-06, -1.0, 0.461139, -0.0, 1.0, 1e-06, -0.0, 0.0, 0.0, 0.0, 1.0],
                [1.0, 0.0, -0.0, 0.0, -0.0, 1e-06, -1.0, 0.461998, -0.0, 1.0, 1e-06, 0.0, 0.0, 0.0, 0.0, 1.0],
                [1.0, 0.0, -0.0, 0.0, -0.0, 1e-06, -1.0, 0.462707, -0.0, 1.0, 1e-06, -0.0, 0.0, 0.0, 0.0, 1.0],
                [1.0, 0.0, -0.0, 0.0, -0.0, 1e-06, -1.0, 0.463005, -0.0, 1.0, 1e-06, -0.0, 0.0, 0.0, 0.0, 1.0],
                [1.0, 0.0, -0.0, 0.0, -0.0, 1e-06, -1.0, 0.463179, -0.0, 1.0, 1e-06, -0.0, 0.0, 0.0, 0.0, 1.0],
                [1.0, 0.0, -0.0, 0.0, -0.0, 1e-06, -1.0, 0.46328, -0.0, 1.0, 1e-06, 0.0, 0.0, 0.0, 0.0, 1.0],
                [1.0, 0.0, -0.0, -0.0, -0.0, 1e-06, -1.0, 0.463405, -0.0, 1.0, 1e-06, -0.0, 0.0, 0.0, 0.0, 1.0],
                [1.0, 0.0, -0.0, 0.0, -0.0, 1e-06, -1.0, 0.464399, -0.0, 1.0, 1e-06, -0.0, 0.0, 0.0, 0.0, 1.0],
                [1.0, 0.0, -0.0, -0.0, -0.0, 1e-06, -1.0, 0.467518, -0.0, 1.0, 1e-06, -0.0, 0.0, 0.0, 0.0, 1.0],
                [1.0, 0.0, -0.0, -0.0, -0.0, 1e-06, -1.0, 0.421421, -0.0, 1.0, 1e-06, 0.0, 0.0, 0.0, 0.0, 1.0],
                [1.0, 0.0, -0.0, 0.0, -0.0, 1e-06, -1.0, 0.379412, -0.0, 1.0, 1e-06, 0.0, 0.0, 0.0, 0.0, 1.0]
            ]
        },
        {
            "name": "Thigh_L",
            "time": [0.0, 0.0833, 0.1833, 0.2667, 0.45, 0.5167, 0.5833, 0.6, 0.6333, 0.6667, 0.7, 0.7167, 0.7333, 0.75, 0.7667, 0.8333, 0.8833, 1.0833, 1.1, 1.1167, 1.1333, 1.15, 1.1667, 1.2, 1.2167, 1.2333, 1.3, 1.4167, 1.6, 1.75, 1.8167, 1.9167, 1.9333, 1.95, 1.9667, 1.9833, 2.0, 2.0167, 2.0333, 2.1, 2.1167, 2.4333, 2.65],
            "transform": [
                [0.789011, -0.235335, 0.567516, -0.125006, -0.574757, -0.609077, 0.546512, -0.002831, 0.217053, -0.757389, -0.615831, -1.2e-05, 0.0, 0.0, 0.0, 1.0],
                [0.798929, -0.345426, 0.492331, -0.125006, -0.580384, -0.657427, 0.480562, -0.002831, 0.157679, -0.669677, -0.72572, -1.2e-05, 0.0, 0.0, 0.0, 1.0],
                [0.852786, -0.256757, 0.454784, -0.125006, -0.485558, -0.710456, 0.509394, -0.002831, 0.19232, -0.655229, -0.730539, -1.2e-05, 0.0, 0.0, 0.0, 1.0],
                [0.872084, -0.488698, -0.025392, -0.125006, -0.336077, -0.63584, 0.694807, -0.002831, -0.355693, -0.597395, -0.718746, -1.2e-05, 0.0, 0.0, 0.0, 1.0],
                [0.872084, -0.488698, -0.025392, -0.125006, -0.336077, -0.63584, 0.694808, -0.002831, -0.355693, -0.597395, -0.718746, -1.2e-05, 0.0, 0.0, 0.0, 1.0],
                [0.55561, -0.361801, -0.748597, -0.125006, -0.320169, -0.924029, 0.208954, -0.002831, -0.767325, 0.123587, -0.629235, -1.2e-05, 0.0, 0.0, 0.0, 1.0],
                [0.988227, 0.104519, 0.111721, -0.125006, 0.0947, -0.991438, 0.089908, -0.002831, 0.120163, -0.078264, -0.989663, -1.2e-05, 0.0, 0.0, 0.0, 1.0],
                [0.954929, 0.206404, 0.213314, -0.125006, 0.171433, -0.970183, 0.171334, -0.002831, 0.24232, -0.127039, -0.961841, -1.2e-05, 0.0, 0.0, 0.0, 1.0],
                [0.97705, 0.200556, 0.071745, -0.125006, 0.157547, -0.907117, 0.390281, -0.002831, 0.143356, -0.370018, -0.917895, -1.2e-05, 0.0, 0.0, 0.0, 1.0],
                [0.996437, 0.046371, -0.070443, -0.125006, 0.077819, -0.827583, 0.555926, -0.002831, -0.032517, -0.559422, -0.828242, -1.2e-05, 0.0, 0.0, 0.0, 1.0],
                [0.992266, -0.054406, -0.111571, -0.125006, 0.02575, -0.789084, 0.613747, -0.002831, -0.121429, -0.611868, -0.781579, -1.2e-05, 0.0, 0.0, 0.0, 1.0],
                [0.641054, -0.552961, -0.532242, -0.125006, -0.000343, -0.693689, 0.720276, -0.002831, -0.767495, -0.461546, -0.444884, -1.2e-05, 0.0, 0.0, 0.0, 1.0],
                [0.577673, -0.563715, -0.590351, -0.125006, -0.13475, -0.77917, 0.612156, -0.002831, -0.805067, -0.274069, -0.526071, -1.2e-05, 0.0, 0.0, 0.0, 1.0],
                [0.712723, -0.442042, -0.544631, -0.125006, -0.168026, -0.861428, 0.479276, -0.002831, -0.681022, -0.25007, -0.688237, -1.2e-05, 0.0, 0.0, 0.0, 1.0],
                [0.754787, -0.398134, -0.52133, -0.125006, -0.15869, -0.881966, 0.443791, -0.002831, -0.636485, -0.252231, -0.728879, -1.2e-05, 0.0, 0.0, 0.0, 1.0],
                [0.754787, -0.398134, -0.52133, -0.125006, -0.15869, -0.881966, 0.443791, -0.002831, -0.636485, -0.252231, -0.728879, -1.2e-05, 0.0, 0.0, 0.0, 1.0],
                [0.754787, -0.398134, -0.52133, -0.125006, -0.15869, -0.881966, 0.443791, -0.002831, -0.636485, -0.252231, -0.728879, -1.2e-05, 0.0, 0.0, 0.0, 1.0],
                [0.752748, -0.398654, -0.523874, -0.125006, -0.378717, -0.913155, 0.150711, -0.002831, -0.538462, 0.08496, -0.838357, -1.2e-05, 0.0, 0.0, 0.0, 1.0],
                [0.752748, -0.398654, -0.523874, -0.125006, -0.378717, -0.913155, 0.150711, -0.002831, -0.538462, 0.08496, -0.838357, -1.2e-05, 0.0, 0.0, 0.0, 1.0],
                [0.752748, -0.398654, -0.523874, -0.125006, -0.378717, -0.913155, 0.150711, -0.002831, -0.538462, 0.08496, -0.838357, -1.2e-05, 0.0, 0.0, 0.0, 1.0],
                [0.826079, -0.399358, -0.397627, -0.125006, -0.365136, -0.916723, 0.162133, -0.002831, -0.429264, 0.011261, -0.903109, -1.2e-05, 0.0, 0.0, 0.0, 1.0],
                [0.912159, -0.385328, -0.139602, -0.125006, -0.358938, -0.915509, 0.181659, -0.002831, -0.197804, -0.115586, -0.973402, -1.2e-05, 0.0, 0.0, 0.0, 1.0],
                [0.924946, -0.368062, 0.094907, -0.125006, -0.379241, -0.910379, 0.165471, -0.002831, 0.025499, -0.189037, -0.981638, -1.2e-05, 0.0, 0.0, 0.0, 1.0],
                [0.853851, -0.495224, -0.160287, -0.125006, -0.434966, -0.847984, 0.302855, -0.002831, -0.285901, -0.188867, -0.939461, -1.2e-05, 0.0, 0.0, 0.0, 1.0],
                [0.826639, -0.515688, -0.225241, -0.125006, -0.436488, -0.840213, 0.321738, -0.002831, -0.355167, -0.167638, -0.919647, -1.2e-05, 0.0, 0.0, 0.0, 1.0],
                [0.829842, -0.504314, -0.23881, -0.125006, -0.431866, -0.85148, 0.297437, -0.002831, -0.353343, -0.143683, -0.924392, -1.2e-05, 0.0, 0.0, 0.0, 1.0],
                [0.832871, -0.492337, -0.252843, -0.125006, -0.427441, -0.86239, 0.271242, -0.002831, -0.351591, -0.117826, -0.928708, -1.2e-05, 0.0, 0.0, 0.0, 1.0],
                [0.836745, -0.474576, -0.273193, -0.125006, -0.421705, -0.876716, 0.231363, -0.002831, -0.349312, -0.078377, -0.933721, -1.2e-05, 0.0, 0.0, 0.0, 1.0],
                [0.839002, -0.462347, -0.286898, -0.125006, -0.418323, -0.885256, 0.203278, -0.002831, -0.347963, -0.050526, -0.936145, -1.2e-05, 0.0, 0.0, 0.0, 1.0],
                [0.917322, -0.394153, -0.056264, -0.125006, -0.380952, -0.909981, 0.16373, -0.002831, -0.115731, -0.128752, -0.984899, -1.2e-05, 0.0, 0.0, 0.0, 1.0],
                [0.928229, -0.371754, -0.013868, -0.125006, -0.363633, -0.914567, 0.17702, -0.002831, -0.078489, -0.159266, -0.984109, -1.2e-05, 0.0, 0.0, 0.0, 1.0],
                [0.937485, -0.347526, 0.018696, -0.125006, -0.344432, -0.918772, 0.192936, -0.002831, -0.04987, -0.187308, -0.981032, -1.2e-05, 0.0, 0.0, 0.0, 1.0],
                [0.938103, -0.344675, 0.034103, -0.125006, -0.344698, -0.91947, 0.189092, -0.002831, -0.033817, -0.189137, -0.981366, -1.2e-05, 0.0, 0.0, 0.0, 1.0],
                [0.937296, -0.344495, 0.052916, -0.125006, -0.348228, -0.919316, 0.183282, -0.002831, -0.01449, -0.190211, -0.981634, -1.2e-05, 0.0, 0.0, 0.0, 1.0],
                [0.935955, -0.345367, 0.068634, -0.125006, -0.352112, -0.918881, 0.177965, -0.002831, 0.001606, -0.190729, -0.981639, -1.2e-05, 0.0, 0.0, 0.0, 1.0],
                [0.935329, -0.345681, 0.075272, -0.125006, -0.353675, -0.918751, 0.17553, -0.002831, 0.008482, -0.190795, -0.981591, -1.2e-05, 0.0, 0.0, 0.0, 1.0],
                [0.934959, -0.345821, 0.079126, -0.125006, -0.354532, -0.918705, 0.174027, -0.002831, 0.012514, -0.190755, -0.981556, -1.2e-05, 0.0, 0.0, 0.0, 1.0],
                [0.934788, -0.345798, 0.081213, -0.125006, -0.354895, -0.918742, 0.173089, -0.002831, 0.014764, -0.190619, -0.981551, -1.2e-05, 0.0, 0.0, 0.0, 1.0],
                [0.934508, -0.345891, 0.083997, -0.125006, -0.355499, -0.918721, 0.171962, -0.002831, 0.017692, -0.190555, -0.981514, -1.2e-05, 0.0, 0.0, 0.0, 1.0],
                [0.93108, -0.348241, 0.108718, -0.125006, -0.362268, -0.917706, 0.163019, -0.002831, 0.043004, -0.191163, -0.980613, -1.2e-05, 0.0, 0.0, 0.0, 1.0],
                [0.8901, -0.388944, 0.237585, -0.125006, -0.420212, -0.902184, 0.097385, -0.002831, 0.176471, -0.186514, -0.966472, -1.2e-05, 0.0, 0.0, 0.0, 1.0],
                [0.95406, -0.298029, -0.030835, -0.125006, -0.242745, -0.829195, 0.503498, -0.002831, -0.175624, -0.472876, -0.863445, -1.2e-05, 0.0, 0.0, 0.0, 1.0],
                [0.868145, -0.255458, -0.425517, -0.125006, -0.096983, -0.928155, 0.359338, -0.002831, -0.48674, -0.270685, -0.830547, -1.2e-05, 0.0, 0.0, 0.0, 1.0]
            ]
        },
        {
            "name": "Leg_L",
            "time": [0.0, 0.0833, 0.1833, 0.2667, 0.45, 0.5167, 0.5833, 0.6, 0.6333, 0.6667, 0.7, 0.7167, 0.7333, 0.75, 0.7667, 0.8333, 0.8833, 1.0833, 1.1, 1.1167, 1.1333, 1.15, 1.1667, 1.2, 1.2167, 1.2333, 1.3, 1.4167, 1.6, 1.75, 1.8167, 1.9167, 1.9333, 1.95, 1.9667, 1.9833, 2.0, 2.0167, 2.0333, 2.1, 2.1167, 2.4333, 2.65],
            "transform": [
                [1.0, -0.0, 0.0, -0.0, -0.0, 0.468588, 0.883417, 0.37472, -1e-06, -0.883416, 0.468589, -0.0, 0.0, 0.0, 0.0, 1.0],
                [1.0, -1e-06, 0.0, -0.0, -0.0, 0.437815, 0.899065, 0.37472, -1e-06, -0.899065, 0.437815, 0.0, 0.0, 0.0, 0.0, 1.0],
                [1.0, -0.0, 1e-06, 0.0, -0.0, 0.506691, 0.862128, 0.37472, -1e-06, -0.862127, 0.506691, 0.0, 0.0, 0.0, 0.0, 1.0],
                [1.0, -0.0, 1e-06, -0.0, -0.0, 0.533379, 0.845876, 0.37472, -1e-06, -0.845877, 0.53338, 0.0, 0.0, 0.0, 0.0, 1.0],
                [1.0, -0.0, 1e-06, 0.0, -0.0, 0.533379, 0.845876, 0.37472, -1e-06, -0.845877, 0.53338, 0.0, 0.0, 0.0, 0.0, 1.0],
                [1.0, -0.0, 1e-06, 0.0, -0.0, 0.942911, 0.333044, 0.37472, -1e-06, -0.333045, 0.942912, -0.0, 0.0, 0.0, 0.0, 1.0],
                [1.0, 0.0, 1e-06, -0.0, -0.0, 0.975763, 0.218826, 0.37472, -1e-06, -0.218826, 0.975765, -0.0, 0.0, 0.0, 0.0, 1.0],
                [1.0, 0.0, 1e-06, -0.0, -0.0, 0.990946, 0.134258, 0.37472, -1e-06, -0.134257, 0.990947, -0.0, 0.0, 0.0, 0.0, 1.0],
                [1.0, -0.0, 1e-06, -0.0, -0.0, 0.932617, 0.360867, 0.37472, -1e-06, -0.360867, 0.932619, -0.0, 0.0, 0.0, 0.0, 1.0],
                [1.0, -0.0, 1e-06, 0.0, -0.0, 0.826908, 0.562338, 0.37472, -1e-06, -0.562337, 0.82691, 0.0, 0.0, 0.0, 0.0, 1.0],
                [1.0, -0.0, 1e-06, -0.0, -0.0, 0.770057, 0.637976, 0.37472, -1e-06, -0.637975, 0.770059, 0.0, 0.0, 0.0, 0.0, 1.0],
                [1.0, -0.0, 1e-06, 0.0, -0.0, 0.570782, 0.821104, 0.37472, -1e-06, -0.821101, 0.570784, 0.0, 0.0, 0.0, 0.0, 1.0],
                [1.0, -0.0, 1e-06, 0.0, -0.0, 0.578497, 0.815688, 0.37472, -1e-06, -0.815683, 0.578499, 0.0, 0.0, 0.0, 0.0, 1.0],
                [1.0, -0.0, 1e-06, -0.0, -0.0, 0.62347, 0.781849, 0.37472, -1e-06, -0.781846, 0.623473, -0.0, 0.0, 0.0, 0.0, 1.0],
                [1.0, -0.0, 1e-06, -0.0, -0.0, 0.638221, 0.769856, 0.37472, -1e-06, -0.769853, 0.638222, -0.0, 0.0, 0.0, 0.0, 1.0],
                [1.0, -0.0, 1e-06, -0.0, -0.0, 0.638221, 0.769856, 0.37472, -1e-06, -0.769853, 0.638222, -0.0, 0.0, 0.0, 0.0, 1.0],
                [1.0, -0.0, 1e-06, -0.0, -0.0, 0.638221, 0.769856, 0.37472, -1e-06, -0.769853, 0.638222, -0.0, 0.0, 0.0, 0.0, 1.0],
                [1.0, -0.0, 1e-06, 0.0, -0.0, 0.639549, 0.768753, 0.37472, -1e-06, -0.76875, 0.639551, 0.0, 0.0, 0.0, 0.0, 1.0],
                [1.0, -0.0, 1e-06, 0.0, -0.0, 0.639549, 0.768753, 0.37472, -1e-06, -0.76875, 0.639551, 0.0, 0.0, 0.0, 0.0, 1.0],
                [1.0, -0.0, 1e-06, 0.0, -0.0, 0.639549, 0.768753, 0.37472, -1e-06, -0.76875, 0.639551, 0.0, 0.0, 0.0, 0.0, 1.0],
                [1.0, -0.0, 1e-06, 0.0, -0.0, 0.620521, 0.784193, 0.37472, -1e-06, -0.784189, 0.620523, 0.0, 0.0, 0.0, 0.0, 1.0],
                [1.0, -0.0, 1e-06, 0.0, -0.0, 0.61715, 0.786848, 0.37472, -1e-06, -0.786845, 0.617153, 0.0, 0.0, 0.0, 0.0, 1.0],
                [1.0, -0.0, 1e-06, -0.0, -0.0, 0.68995, 0.723859, 0.37472, -1e-06, -0.723856, 0.689954, 0.0, 0.0, 0.0, 0.0, 1.0],
                [1.0, -0.0, 1e-06, 0.0, -0.0, 0.728404, 0.68515, 0.37472, -1e-06, -0.685146, 0.728408, 0.0, 0.0, 0.0, 0.0, 1.0],
                [1.0, -0.0, 1e-06, 0.0, -0.0, 0.75268, 0.658388, 0.37472, -1e-06, -0.658386, 0.752683, 0.0, 0.0, 0.0, 0.0, 1.0],
                [1.0, -0.0, 1e-06, -0.0, -0.0, 0.788761, 0.614701, 0.37472, -1e-06, -0.6147, 0.788764, 0.0, 0.0, 0.0, 0.0, 1.0],
                [1.0, -0.0, 1e-06, 0.0, -0.0, 0.82435, 0.566081, 0.37472, -1e-06, -0.56608, 0.824353, -0.0, 0.0, 0.0, 0.0, 1.0],
                [1.0, -0.0, 1e-06, 0.0, -0.0, 0.872087, 0.489351, 0.37472, -1e-06, -0.48935, 0.87209, 0.0, 0.0, 0.0, 0.0, 1.0],
                [1.0, -0.0, 1e-06, -0.0, -0.0, 0.901111, 0.433588, 0.37472, -1e-06, -0.433588, 0.901114, 0.0, 0.0, 0.0, 0.0, 1.0],
                [1.0, -0.0, 1e-06, 0.0, -0.0, 0.85983, 0.510579, 0.37472, -1e-06, -0.510579, 0.859834, -0.0, 0.0, 0.0, 0.0, 1.0],
                [1.0, -0.0, 1e-06, 0.0, -0.0, 0.839991, 0.542599, 0.37472, -1e-06, -0.542601, 0.839994, -0.0, 0.0, 0.0, 0.0, 1.0],
                [1.0, -0.0, 1e-06, 0.0, -0.0, 0.822951, 0.56811, 0.37472, -1e-06, -0.568112, 0.822955, -0.0, 0.0, 0.0, 0.0, 1.0],
                [1.0, -0.0, 1e-06, 0.0, -0.0, 0.828218, 0.560404, 0.37472, -0.0, -0.560406, 0.828222, -0.0, 0.0, 0.0, 0.0, 1.0],
                [1.0, -0.0, 1e-06, 0.0, -0.0, 0.83607, 0.548621, 0.37472, -1e-06, -0.548623, 0.836073, 0.0, 0.0, 0.0, 0.0, 1.0],
                [1.0, -0.0, 1e-06, 0.0, -0.0, 0.843132, 0.537706, 0.37472, -1e-06, -0.537707, 0.843135, -0.0, 0.0, 0.0, 0.0, 1.0],
                [1.0, -0.0, 1e-06, -0.0, -0.0, 0.846247, 0.532789, 0.37472, -1e-06, -0.532791, 0.846251, 0.0, 0.0, 0.0, 0.0, 1.0],
                [1.0, -0.0, 1e-06, 0.0, -0.0, 0.848119, 0.529803, 0.37472, -1e-06, -0.529805, 0.848123, 0.0, 0.0, 0.0, 0.0, 1.0],
                [1.0, -0.0, 1e-06, -0.0, -0.0, 0.849218, 0.528041, 0.37472, -1e-06, -0.528043, 0.849221, 0.0, 0.0, 0.0, 0.0, 1.0],
                [1.0, -0.0, 1e-06, -0.0, -0.0, 0.850599, 0.525813, 0.37472, -1e-06, -0.525815, 0.850602, -0.0, 0.0, 0.0, 0.0, 1.0],
                [1.0, -0.0, 1e-06, 0.0, -0.0, 0.862137, 0.506673, 0.37472, -1e-06, -0.506675, 0.862141, 0.0, 0.0, 0.0, 0.0, 1.0],
                [1.0, -0.0, 1e-06, 0.0, -0.0, 0.92135, 0.388732, 0.37472, -1e-06, -0.388733, 0.921352, -0.0, 0.0, 0.0, 0.0, 1.0],
                [1.0, -1e-06, 1e-06, 0.0, -0.0, 0.488897, 0.872343, 0.37472, -1e-06, -0.872342, 0.488899, 0.0, 0.0, 0.0, 0.0, 1.0],
                [1.0, -0.0, 1e-06, 0.0, -0.0, 0.883435, 0.468552, 0.37472, -1e-06, -0.468553, 0.883437, 0.0, 0.0, 0.0, 0.0, 1.0]
            ]
        },
        {
            "name": "Knee_L",
            "time": [0.0, 0.0833, 0.1833, 0.2667, 0.45, 0.5167, 0.5833, 0.6, 0.6333, 0.6667, 0.7, 0.7167, 0.7333, 0.75, 0.7667, 0.8333, 0.8833, 1.0833, 1.1, 1.1167, 1.1333, 1.15, 1.1667, 1.2, 1.2167, 1.2333, 1.3, 1.4167, 1.6, 1.75, 1.8167, 1.9167, 1.9333, 1.95, 1.9667, 1.9833, 2.0, 2.0167, 2.0333, 2.1, 2.1167, 2.4333, 2.65],
            "transform": [
                [1.0, -0.0, -0.0, -0.0, -0.0, 1e-06, -1.0, 0.433492, -0.0, 1.0, 1e-06, -0.0, 0.0, 0.0, 0.0, 1.0],
