{
    "animation": [
        {
            "name": "Root",
            "time": [0.0, 0.0333, 0.0667, 0.0833, 0.1, 0.1167, 0.1333, 0.15, 0.1667, 0.2, 0.25, 0.3, 0.3833, 0.4333, 0.5, 0.5667, 0.6, 0.6167, 0.6333, 0.6667, 0.7, 0.7333, 0.7667, 0.8167, 0.85, 0.8667, 0.8833, 0.9, 1.0333, 1.15, 1.2, 1.2667],
            "transform": [
                [0.045806, -0.025564, 0.998623, -0.085593, 0.998499, -0.028876, -0.046539, -0.072882, 0.030026, 0.999256, 0.024203, 0.48458, 0.0, 0.0, 0.0, 1.0],
                [-0.029338, -0.043865, 0.998607, 0.03224, 0.999311, 0.021429, 0.0303, -0.332043, -0.022728, 0.998808, 0.043206, 0.415826, 0.0, 0.0, 0.0, 1.0],
                [0.289492, -0.006783, 0.957156, 0.03224, 0.875479, 0.406128, -0.26191, 0.544892, -0.386951, 0.913791, 0.123509, 0.608984, 0.0, 0.0, 0.0, 1.0],
                [0.289492, -0.006783, 0.957156, 0.03224, 0.875479, 0.406128, -0.26191, 1.889015, -0.386951, 0.913791, 0.123509, 0.608984, 0.0, 0.0, 0.0, 1.0],
                [0.97883, 0.204187, 0.014107, 0.163475, -0.0299, 0.210838, -0.977064, 2.053398, -0.202478, 0.955958, 0.21248, 0.651664, 0.0, 0.0, 0.0, 1.0],
                [0.792793, 0.103877, -0.600574, 0.078999, -0.606746, 0.041088, -0.793833, 2.193521, -0.057785, 0.993741, 0.095601, 0.599809, 0.0, 0.0, 0.0, 1.0],
                [0.513103, 0.012607, -0.858234, 0.018209, -0.85823, -0.00751, -0.513211, 2.345616, -0.012915, 0.999892, 0.006966, 0.559592, 0.0, 0.0, 0.0, 1.0],
                [0.214447, -0.017467, -0.976579, -0.005478, -0.976715, -0.010377, -0.214291, 2.444035, -0.006391, 0.999794, -0.019286, 0.536159, 0.0, 0.0, 0.0, 1.0],
                [-0.592541, -0.017467, -0.805351, -0.005478, -0.805323, -0.010377, 0.592745, 2.057646, -0.018711, 0.999794, -0.007918, 0.525869, 0.0, 0.0, 0.0, 1.0],
                [-0.974751, -0.017467, -0.222611, -0.005478, -0.222457, -0.010377, 0.974888, 2.784734, -0.019339, 0.999794, 0.006229, 0.511847, 0.0, 0.0, 0.0, 1.0],
                [-0.99983, -0.017467, -0.005921, -0.005478, -0.00574, -0.010377, 0.999929, 2.949501, -0.017528, 0.999794, 0.010275, 0.50056, 0.0, 0.0, 0.0, 1.0],
                [-0.999399, -0.017467, 0.029937, -0.005478, 0.030121, -0.010377, 0.999492, 2.979024, -0.017148, 0.999794, 0.010897, 0.496867, 0.0, 0.0, 0.0, 1.0],
                [-0.995091, -0.017467, 0.097416, -0.005478, 0.097606, -0.010377, 0.995171, 3.037969, -0.016372, 0.999794, 0.012031, 0.485112, 0.0, 0.0, 0.0, 1.0],
                [-0.995005, -0.017467, 0.098284, -0.005478, 0.098474, -0.010377, 0.995085, 3.038731, -0.016362, 0.999794, 0.012045, 0.484549, 0.0, 0.0, 0.0, 1.0],
                [-0.995005, -0.017467, 0.098284, -0.005478, 0.098474, -0.010377, 0.995085, 3.038731, -0.016362, 0.999794, 0.012045, 0.485765, 0.0, 0.0, 0.0, 1.0],
                [-0.995005, -0.017467, 0.098284, -0.005478, 0.098474, -0.010377, 0.995085, 3.038731, -0.016362, 0.999794, 0.012045, 0.486293, 0.0, 0.0, 0.0, 1.0],
                [-0.995005, -0.017467, 0.098284, -0.005478, 0.098474, -0.010377, 0.995085, 3.038731, -0.016362, 0.999794, 0.012045, 0.486832, 0.0, 0.0, 0.0, 1.0],
                [-0.995005, -0.017467, 0.098284, -0.005478, 0.098474, -0.010377, 0.995085, 3.038731, -0.016362, 0.999794, 0.012045, 0.487082, 0.0, 0.0, 0.0, 1.0],
                [-0.995005, -0.017467, 0.098284, -0.005478, 0.098474, -0.010377, 0.995085, 3.038731, -0.016362, 0.999794, 0.012045, 0.487327, 0.0, 0.0, 0.0, 1.0],
                [-0.995005, -0.017467, 0.098284, -0.005478, 0.098474, -0.010377, 0.995085, 3.038731, -0.016362, 0.999794, 0.012045, 0.48757, 0.0, 0.0, 0.0, 1.0],
                [-0.995005, -0.017467, 0.098284, -0.005478, 0.098474, -0.010377, 0.995085, 3.038731, -0.016362, 0.999794, 0.012045, 0.487811, 0.0, 0.0, 0.0, 1.0],
                [-0.995005, -0.017467, 0.098284, -0.005478, 0.098474, -0.010377, 0.995085, 3.038731, -0.016362, 0.999794, 0.012045, 0.488171, 0.0, 0.0, 0.0, 1.0],
                [-0.995005, -0.017467, 0.098284, -0.005478, 0.098474, -0.010377, 0.995085, 3.038731, -0.016362, 0.999794, 0.012045, 0.488224, 0.0, 0.0, 0.0, 1.0],
                [-0.995005, -0.017467, 0.098284, -0.005478, 0.098474, -0.010377, 0.995085, 3.038731, -0.016362, 0.999794, 0.012045, 0.562375, 0.0, 0.0, 0.0, 1.0],
                [-0.995005, -0.017467, 0.098284, -0.005478, 0.098474, -0.010377, 0.995085, 3.038731, -0.016362, 0.999794, 0.012045, 0.605305, 0.0, 0.0, 0.0, 1.0],
                [-0.995005, -0.017467, 0.098284, -0.005478, 0.098474, -0.010377, 0.995085, 3.038731, -0.016362, 0.999794, 0.012045, 0.620289, 0.0, 0.0, 0.0, 1.0],
                [-0.995005, -0.017467, 0.098284, -0.005478, 0.098474, -0.010377, 0.995085, 3.038731, -0.016362, 0.999794, 0.012045, 0.634324, 0.0, 0.0, 0.0, 1.0],
                [-0.984595, -0.017602, 0.173962, -0.01635, 0.174152, -0.009869, 0.984669, 3.045656, -0.015615, 0.999796, 0.012782, 0.641522, 0.0, 0.0, 0.0, 1.0],
                [-0.438405, -0.017467, 0.898608, -0.178275, 0.898776, -0.010377, 0.438285, 2.620672, 0.001669, 0.999794, 0.020248, 0.661611, 0.0, 0.0, 0.0, 1.0],
                [0.519569, -0.039465, 0.853517, -0.124845, 0.854024, 0.05473, -0.517347, 2.44866, -0.026295, 0.997721, 0.06214, 0.637172, 0.0, 0.0, 0.0, 1.0],
                [0.740947, -0.03466, 0.670668, -0.103062, 0.670915, 0.082079, -0.736978, 2.413548, -0.029504, 0.996023, 0.08407, 0.667978, 0.0, 0.0, 0.0, 1.0],
                [0.875932, -0.025485, 0.481761, -0.082246, 0.481578, 0.10566, -0.870011, 2.39012, -0.028731, 0.994076, 0.104823, 0.697415, 0.0, 0.0, 0.0, 1.0]
            ]
        },
        {
            "name": "Thigh_R",
            "time": [0.0, 0.0333, 0.0667, 0.0833, 0.1, 0.1167, 0.1333, 0.15, 0.1667, 0.2, 0.25, 0.3, 0.3833, 0.4333, 0.5, 0.5667, 0.6, 0.6167, 0.6333, 0.6667, 0.7, 0.7333, 0.7667, 0.8167, 0.85, 0.8667, 0.8833, 0.9, 1.0333, 1.15, 1.2, 1.2667],
            "transform": [
                [0.615933, 0.745345, 0.255107, 0.124994, 0.615022, -0.657306, 0.435544, -0.002831, 0.492313, -0.111364, -0.863263, -1.2e-05, 0.0, 0.0, 0.0, 1.0],
                [-0.023664, 0.98935, 0.143599, 0.124994, 0.341596, -0.126994, 0.931227, -0.002831, 0.939548, 0.071089, -0.334957, -1.2e-05, 0.0, 0.0, 0.0, 1.0],
                [0.844929, 0.252733, 0.471398, 0.124994, 0.083084, -0.932639, 0.351114, -0.002831, 0.528385, -0.257497, -0.809013, -1.2e-05, 0.0, 0.0, 0.0, 1.0],
                [0.844929, 0.252734, 0.471399, 0.124994, 0.083085, -0.932639, 0.351116, -0.002831, 0.528385, -0.257498, -0.809013, -1.2e-05, 0.0, 0.0, 0.0, 1.0],
                [0.403392, 0.070036, 0.912341, 0.124994, 0.086552, -0.995516, 0.038157, -0.002831, 0.910924, 0.063574, -0.407647, -1.2e-05, 0.0, 0.0, 0.0, 1.0],
                [0.700456, 0.173867, 0.69219, 0.124994, 0.319061, -0.943843, -0.085785, -0.002831, 0.638404, 0.280942, -0.716596, -1.2e-05, 0.0, 0.0, 0.0, 1.0],
                [0.788145, 0.419733, 0.450162, 0.124994, 0.467508, -0.883971, 0.005715, -0.002831, 0.400329, 0.205954, -0.892927, -1.2e-05, 0.0, 0.0, 0.0, 1.0],
                [0.791996, 0.578947, 0.193799, 0.124994, 0.551321, -0.814568, 0.180345, -0.002831, 0.262272, -0.035984, -0.964322, -1.2e-05, 0.0, 0.0, 0.0, 1.0],
                [0.837914, 0.518649, -0.170001, 0.124994, 0.482233, -0.557611, 0.675665, -0.002831, 0.255639, -0.648127, -0.717341, -1.2e-05, 0.0, 0.0, 0.0, 1.0],
                [0.9565, 0.276915, 0.091773, 0.124994, 0.034973, -0.421154, 0.906315, -0.002831, 0.289626, -0.863679, -0.412519, -1.2e-05, 0.0, 0.0, 0.0, 1.0],
                [0.990246, 0.134266, 0.037193, 0.124994, 0.014946, -0.367768, 0.929797, -0.002831, 0.138522, -0.920171, -0.366188, -1.1e-05, 0.0, 0.0, 0.0, 1.0],
                [0.98841, 0.150974, 0.015805, 0.124994, 0.038375, -0.349231, 0.93625, -0.002831, 0.146872, -0.92479, -0.350977, -1.2e-05, 0.0, 0.0, 0.0, 1.0],
                [0.959133, 0.279843, -0.041822, 0.124994, 0.160865, -0.417697, 0.894234, -0.002831, 0.232778, -0.864413, -0.445644, -1.1e-05, 0.0, 0.0, 0.0, 1.0],
                [0.954684, 0.294029, -0.046048, 0.124994, 0.173946, -0.425708, 0.887985, -0.002831, 0.241493, -0.855752, -0.457562, -1.2e-05, 0.0, 0.0, 0.0, 1.0],
                [0.95481, 0.293769, -0.045099, 0.124994, 0.173676, -0.428334, 0.886774, -0.002831, 0.241191, -0.85453, -0.459998, -1.2e-05, 0.0, 0.0, 0.0, 1.0],
                [0.954864, 0.293655, -0.044688, 0.124994, 0.173559, -0.429474, 0.886245, -0.002831, 0.241061, -0.853997, -0.461055, -1.2e-05, 0.0, 0.0, 0.0, 1.0],
                [0.954919, 0.293539, -0.044269, 0.124994, 0.17344, -0.430636, 0.885704, -0.002831, 0.240927, -0.853451, -0.462134, -1.2e-05, 0.0, 0.0, 0.0, 1.0],
                [0.954945, 0.293485, -0.044074, 0.124994, 0.173384, -0.431177, 0.885452, -0.002831, 0.240865, -0.853197, -0.462637, -1.2e-05, 0.0, 0.0, 0.0, 1.0],
                [0.95497, 0.293432, -0.043883, 0.124994, 0.17333, -0.431705, 0.885206, -0.002831, 0.240805, -0.852948, -0.463126, -1.1e-05, 0.0, 0.0, 0.0, 1.0],
                [0.954995, 0.293379, -0.043695, 0.124994, 0.173276, -0.432229, 0.88496, -0.002831, 0.240745, -0.852701, -0.463613, -1.2e-05, 0.0, 0.0, 0.0, 1.0],
                [0.955019, 0.293327, -0.043507, 0.124994, 0.173223, -0.43275, 0.884716, -0.002831, 0.240686, -0.852454, -0.464096, -1.2e-05, 0.0, 0.0, 0.0, 1.0],
                [0.955056, 0.293248, -0.043228, 0.124994, 0.173144, -0.433525, 0.884352, -0.002831, 0.240597, -0.852088, -0.464815, -1.1e-05, 0.0, 0.0, 0.0, 1.0],
                [0.955062, 0.293237, -0.043186, 0.124994, 0.173132, -0.43364, 0.884298, -0.002831, 0.240584, -0.852033, -0.464922, -1.2e-05, 0.0, 0.0, 0.0, 1.0],
                [0.817459, 0.487773, 0.306319, 0.124994, 0.031267, -0.568612, 0.822011, -0.002831, 0.575135, -0.662382, -0.48007, -1.2e-05, 0.0, 0.0, 0.0, 1.0],
                [0.700383, 0.519801, 0.489146, 0.124994, -0.029918, -0.663321, 0.747736, -0.002831, 0.713138, -0.538335, -0.449029, -1.2e-05, 0.0, 0.0, 0.0, 1.0],
                [0.658887, 0.516029, 0.547334, 0.124994, -0.046977, -0.697958, 0.714596, -0.002831, 0.750772, -0.49655, -0.435636, -1.1e-05, 0.0, 0.0, 0.0, 1.0],
                [0.620766, 0.505381, 0.599361, 0.124994, -0.061073, -0.731, 0.679638, -0.002831, 0.781612, -0.458501, -0.422916, -1.2e-05, 0.0, 0.0, 0.0, 1.0],
                [0.681449, 0.436128, 0.58772, 0.124994, -0.08702, -0.749063, 0.656759, -0.002831, 0.726674, -0.49869, -0.472498, -1.2e-05, 0.0, 0.0, 0.0, 1.0],
                [0.898581, 0.362318, 0.247533, 0.124994, 0.255922, -0.890959, 0.375093, -0.002831, 0.356446, -0.2737, -0.893325, -1.2e-05, 0.0, 0.0, 0.0, 1.0],
                [0.849234, 0.384773, 0.361589, 0.124994, 0.134195, -0.819604, 0.55699, -0.002831, 0.510678, -0.424492, -0.747674, -1.2e-05, 0.0, 0.0, 0.0, 1.0],
                [0.969599, 0.229314, -0.085369, 0.124994, 0.242095, -0.848305, 0.470924, -0.002831, 0.035573, -0.477269, -0.878034, -1.2e-05, 0.0, 0.0, 0.0, 1.0],
                [0.962751, 0.267486, 0.039484, 0.124994, 0.216623, -0.850434, 0.479414, -0.002831, 0.161817, -0.452998, -0.8767, -1.1e-05, 0.0, 0.0, 0.0, 1.0]
            ]
        },
        {
            "name": "Leg_R",
            "time": [0.0, 0.0333, 0.0667, 0.0833, 0.1, 0.1167, 0.1333, 0.15, 0.1667, 0.2, 0.25, 0.3, 0.3833, 0.4333, 0.5, 0.5667, 0.6, 0.6167, 0.6333, 0.6667, 0.7, 0.7333, 0.7667, 0.8167, 0.85, 0.8667, 0.8833, 0.9, 1.0333, 1.15, 1.2, 1.2667],
            "transform": [
                [1.0, -1e-06, 0.0, 0.0, -0.0, 0.333328, 0.942815, 0.37472, -1e-06, -0.942811, 0.333327, -0.0, 0.0, 0.0, 0.0, 1.0],
                [1.0, -1e-06, 0.0, -0.0, -0.0, -0.032102, 0.999486, 0.37472, -1e-06, -0.999484, -0.032103, -0.0, 0.0, 0.0, 0.0, 1.0],
                [1.0, -1e-06, 1e-06, 0.0, -0.0, 0.441378, 0.897325, 0.37472, -1e-06, -0.897322, 0.441378, 0.0, 0.0, 0.0, 0.0, 1.0],
                [1.0, -1e-06, 0.0, -0.0, -0.0, 0.441376, 0.897325, 0.37472, -1e-06, -0.897323, 0.441376, 0.0, 0.0, 0.0, 0.0, 1.0],
                [1.0, -0.0, 1e-06, -0.0, -0.0, 0.903957, 0.427623, 0.37472, -1e-06, -0.427626, 0.903957, -0.0, 0.0, 0.0, 0.0, 1.0],
                [1.0, -0.0, 1e-06, -0.0, -0.0, 0.866397, 0.499356, 0.37472, -1e-06, -0.499359, 0.866397, 0.0, 0.0, 0.0, 0.0, 1.0],
                [1.0, -0.0, 1e-06, -0.0, -0.0, 0.7282, 0.685364, 0.37472, -1e-06, -0.685367, 0.728201, -0.0, 0.0, 0.0, 0.0, 1.0],
                [1.0, -0.0, 1e-06, 0.0, -0.0, 0.605576, 0.795788, 0.37472, -1e-06, -0.795789, 0.605576, -0.0, 0.0, 0.0, 0.0, 1.0],
                [1.0, -0.0, 1e-06, 0.0, -0.0, 0.513611, 0.858025, 0.37472, -1e-06, -0.858023, 0.51361, 0.0, 0.0, 0.0, 0.0, 1.0],
                [1.0, -0.0, 1e-06, -0.0, -0.0, 0.642461, 0.76632, 0.37472, -1e-06, -0.766318, 0.64246, 0.0, 0.0, 0.0, 0.0, 1.0],
                [1.0, -1e-06, 1e-06, 0.0, -0.0, 0.498293, 0.867011, 0.374719, -1e-06, -0.867008, 0.498292, -0.0, 0.0, 0.0, 0.0, 1.0],
                [1.0, -1e-06, 0.0, 0.0, -0.0, 0.33339, 0.942792, 0.37472, -1e-06, -0.942788, 0.333388, 0.0, 0.0, 0.0, 0.0, 1.0],
                [1.0, -1e-06, 0.0, -0.0, -0.0, 0.019148, 0.99982, 0.37472, -1e-06, -0.999814, 0.019146, 0.0, 0.0, 0.0, 0.0, 1.0],
                [1.0, -1e-06, 0.0, 0.0, -0.0, 0.011064, 0.999942, 0.37472, -1e-06, -0.999937, 0.011063, -0.0, 0.0, 0.0, 0.0, 1.0],
                [1.0, -1e-06, 0.0, 0.0, -0.0, 0.015374, 0.999884, 0.37472, -1e-06, -0.99988, 0.015372, 0.0, 0.0, 0.0, 0.0, 1.0],
                [1.0, -1e-06, 0.0, -0.0, -0.0, 0.017249, 0.999854, 0.37472, -1e-06, -0.999849, 0.017247, -0.0, 0.0, 0.0, 0.0, 1.0],
                [1.0, -1e-06, 0.0, 0.0, -0.0, 0.019165, 0.99982, 0.37472, -1e-06, -0.999814, 0.019164, 0.0, 0.0, 0.0, 0.0, 1.0],
                [1.0, -1e-06, 0.0, 0.0, -0.0, 0.020057, 0.999802, 0.37472, -1e-06, -0.999797, 0.020055, 0.0, 0.0, 0.0, 0.0, 1.0],
                [1.0, -1e-06, 0.0, -0.0, -0.0, 0.020929, 0.999784, 0.37472, -1e-06, -0.999779, 0.020927, -0.0, 0.0, 0.0, 0.0, 1.0],
                [1.0, -1e-06, 0.0, -0.0, -0.0, 0.021794, 0.999765, 0.37472, -1e-06, -0.99976, 0.021792, -0.0, 0.0, 0.0, 0.0, 1.0],
                [1.0, -1e-06, 0.0, -0.0, -0.0, 0.022654, 0.999747, 0.37472, -1e-06, -0.999741, 0.022651, 0.0, 0.0, 0.0, 0.0, 1.0],
                [1.0, -1e-06, 0.0, 0.0, -0.0, 0.023935, 0.999717, 0.37472, -1e-06, -0.999711, 0.023934, -0.0, 0.0, 0.0, 0.0, 1.0],
                [1.0, -1e-06, 0.0, -0.0, -0.0, 0.024125, 0.999712, 0.37472, -1e-06, -0.999706, 0.024123, 0.0, 0.0, 0.0, 0.0, 1.0],
                [1.0, -1e-06, 1e-06, 0.0, -0.0, 0.30847, 0.951237, 0.37472, -1e-06, -0.951232, 0.308469, -0.0, 0.0, 0.0, 0.0, 1.0],
                [1.0, -0.0, 1e-06, -0.0, -0.0, 0.490801, 0.871275, 0.37472, -1e-06, -0.871271, 0.490801, 0.0, 0.0, 0.0, 0.0, 1.0],
                [1.0, -1e-06, 1e-06, 0.0, -0.0, 0.557567, 0.830135, 0.37472, -1e-06, -0.830132, 0.557566, -0.0, 0.0, 0.0, 0.0, 1.0],
                [1.0, -0.0, 1e-06, -0.0, -0.0, 0.621569, 0.783361, 0.37472, -1e-06, -0.78336, 0.621569, -0.0, 0.0, 0.0, 0.0, 1.0],
                [1.0, -0.0, 1e-06, 0.0, -0.0, 0.663131, 0.748506, 0.37472, -1e-06, -0.748504, 0.66313, 0.0, 0.0, 0.0, 0.0, 1.0],
                [1.0, -0.0, 1e-06, -0.0, -0.0, 0.756445, 0.654059, 0.37472, -1e-06, -0.654059, 0.756445, 0.0, 0.0, 0.0, 0.0, 1.0],
                [1.0, -0.0, 1e-06, -0.0, -0.0, 0.818095, 0.575085, 0.374721, -1e-06, -0.575084, 0.818094, 0.0, 0.0, 0.0, 0.0, 1.0],
                [1.0, -0.0, 1e-06, -0.0, -0.0, 0.8405, 0.541814, 0.37472, -1e-06, -0.541813, 0.840501, -0.0, 0.0, 0.0, 0.0, 1.0],
                [1.0, -0.0, 1e-06, -0.0, -0.0, 0.873209, 0.487347, 0.37472, -1e-06, -0.487347, 0.873209, -0.0, 0.0, 0.0, 0.0, 1.0]
            ]
        },
        {
            "name": "Knee_R",
            "time": [0.0, 0.0333, 0.0667, 0.0833, 0.1, 0.1167, 0.1333, 0.15, 0.1667, 0.2, 0.25, 0.3, 0.3833, 0.4333, 0.5, 0.5667, 0.6, 0.6167, 0.6333, 0.6667, 0.7, 0.7333, 0.7667, 0.8167, 0.85, 0.8667, 0.8833, 0.9, 1.0333, 1.15, 1.2, 1.2667],
            "transform": [
                [1.0, 0.0, -0.0, 0.0, -0.0, 1e-06, -1.0, 0.449024, -0.0, 1.0, 1e-06, -0.0, 0.0, 0.0, 0.0, 1.0],
                [1.0, 0.0, -0.0, 0.0, -0.0, 1e-06, -1.0, 0.48472, -0.0, 1.0, 1e-06, -0.0, 0.0, 0.0, 0.0, 1.0],
                [1.0, 0.0, -0.0, 0.0, -0.0, 1e-06, -1.0, 0.436702, -0.0, 1.0, 1e-06, 0.0, 0.0, 0.0, 0.0, 1.0],
                [1.0, 0.0, -0.0, 0.0, -0.0, 1e-06, -1.0, 0.436702, -0.0, 1.0, 1e-06, 0.0, 0.0, 0.0, 0.0, 1.0],
                [1.0, 0.0, -0.0, 0.0, -0.0, 1e-06, -1.0, 0.37472, -0.0, 1.0, 1e-06, -0.0, 0.0, 0.0, 0.0, 1.0],
                [1.0, 0.0, -0.0, -0.0, -0.0, 1e-06, -1.0, 0.37472, -0.0, 1.0, 1e-06, -0.0, 0.0, 0.0, 0.0, 1.0],
                [1.0, 0.0, -0.0, -0.0, -0.0, 1e-06, -1.0, 0.399038, -0.0, 1.0, 1e-06, -0.0, 0.0, 0.0, 0.0, 1.0],
                [1.0, 0.0, -0.0, -0.0, -0.0, 1e-06, -1.0, 0.416391, -0.0, 1.0, 1e-06, -0.0, 0.0, 0.0, 0.0, 1.0],
                [1.0, 0.0, -0.0, -0.0, -0.0, 1e-06, -1.0, 0.428062, -0.0, 1.0, 1e-06, -0.0, 0.0, 0.0, 0.0, 1.0],
                [1.0, 0.0, -0.0, 0.0, -0.0, 1e-06, -1.0, 0.411432, -0.0, 1.0, 1e-06, -0.0, 0.0, 0.0, 0.0, 1.0],
                [1.0, 0.0, -0.0, 0.0, -0.0, 1e-06, -1.0, 0.429927, -0.0, 1.0, 1e-06, 0.0, 0.0, 0.0, 0.0, 1.0],
                [1.0, 0.0, -0.0, 0.0, -0.0, 1e-06, -1.0, 0.449017, -0.0, 1.0, 1e-06, -0.0, 0.0, 0.0, 0.0, 1.0],
                [1.0, 0.0, -0.0, 0.0, -0.0, 1e-06, -1.0, 0.482709, -0.0, 1.0, 1e-06, -0.0, 0.0, 0.0, 0.0, 1.0],
                [1.0, 0.0, -0.0, -0.0, -0.0, 1e-06, -1.0, 0.483558, -0.0, 1.0, 1e-06, -0.0, 0.0, 0.0, 0.0, 1.0],
                [1.0, 0.0, -0.0, 0.0, -0.0, 1e-06, -1.0, 0.483105, -0.0, 1.0, 1e-06, -0.0, 0.0, 0.0, 0.0, 1.0],
                [1.0, 0.0, -0.0, 0.0, -0.0, 1e-06, -1.0, 0.482908, -0.0, 1.0, 1e-06, -0.0, 0.0, 0.0, 0.0, 1.0],
                [1.0, 0.0, -0.0, 0.0, -0.0, 1e-06, -1.0, 0.482707, -0.0, 1.0, 1e-06, 0.0, 0.0, 0.0, 0.0, 1.0],
                [1.0, 0.0, -0.0, 0.0, -0.0, 1e-06, -1.0, 0.482613, -0.0, 1.0, 1e-06, 0.0, 0.0, 0.0, 0.0, 1.0],
                [1.0, 0.0, -0.0, 0.0, -0.0, 1e-06, -1.0, 0.482522, -0.0, 1.0, 1e-06, 0.0, 0.0, 0.0, 0.0, 1.0],
                [1.0, 0.0, -0.0, -0.0, -0.0, 1e-06, -1.0, 0.482431, -0.0, 1.0, 1e-06, -0.0, 0.0, 0.0, 0.0, 1.0],
                [1.0, 0.0, -0.0, 0.0, -0.0, 1e-06, -1.0, 0.48234, -0.0, 1.0, 1e-06, 0.0, 0.0, 0.0, 0.0, 1.0],
                [1.0, 0.0, -0.0, 0.0, -0.0, 1e-06, -1.0, 0.482206, -0.0, 1.0, 1e-06, -0.0, 0.0, 0.0, 0.0, 1.0],
                [1.0, 0.0, -0.0, 0.0, -0.0, 1e-06, -1.0, 0.482186, -0.0, 1.0, 1e-06, 0.0, 0.0, 0.0, 0.0, 1.0],
                [1.0, -0.0, -0.0, -0.0, -0.0, 1e-06, -1.0, 0.451781, -0.0, 1.0, 1e-06, 0.0, 0.0, 0.0, 0.0, 1.0],
                [1.0, 0.0, -0.0, 1e-06, -0.0, 1e-06, -1.0, 0.430833, -0.0, 1.0, 1e-06, -0.0, 0.0, 0.0, 0.0, 1.0],
                [1.0, 0.0, -0.0, 0.0, -0.0, 1e-06, -1.0, 0.422593, -0.0, 1.0, 1e-06, -0.0, 0.0, 0.0, 0.0, 1.0],
                [1.0, 0.0, -0.0, -0.0, -0.0, 1e-06, -1.0, 0.414264, -0.0, 1.0, 1e-06, -0.0, 0.0, 0.0, 0.0, 1.0],
                [1.0, 0.0, -0.0, -0.0, -0.0, 1e-06, -1.0, 0.408565, -0.0, 1.0, 1e-06, -0.0, 0.0, 0.0, 0.0, 1.0],
                [1.0, 0.0, -0.0, 0.0, -0.0, 1e-06, -1.0, 0.394609, -0.0, 1.0, 1e-06, 0.0, 0.0, 0.0, 0.0, 1.0],
                [1.0, 0.0, -0.0, 0.0, -0.0, 1e-06, -1.0, 0.38408, -0.0, 1.0, 1e-06, 0.0, 0.0, 0.0, 0.0, 1.0],
                [1.0, -0.0, -0.0, -0.0, -0.0, 1e-06, -1.0, 0.379867, -0.0, 1.0, 1e-06, -0.0, 0.0, 0.0, 0.0, 1.0],
                [1.0, 0.0, -0.0, -0.0, -0.0, 1e-06, -1.0, 0.37472, -0.0, 1.0, 1e-06, -0.0, 0.0, 0.0, 0.0, 1.0]
            ]
        },
        {
            "name": "Thigh_L",
            "time": [0.0, 0.0333, 0.0667, 0.0833, 0.1, 0.1167, 0.1333, 0.15, 0.1667, 0.2, 0.25, 0.3, 0.3833, 0.4333, 0.5, 0.5667, 0.6, 0.6167, 0.6333, 0.6667, 0.7, 0.7333, 0.7667, 0.8167, 0.85, 0.8667, 0.8833, 0.9, 1.0333, 1.15, 1.2, 1.2667],
            "transform": [
                [0.96546, -0.171459, 0.196186, -0.125006, -0.259556, -0.567315, 0.781526, -0.002831, -0.022697, -0.80545, -0.592223, -1.2e-05, 0.0, 0.0, 0.0, 1.0],
                [0.751871, -0.068453, 0.655746, -0.125006, -0.641451, -0.305857, 0.703556, -0.002831, 0.152409, -0.949612, -0.273873, -1.2e-05, 0.0, 0.0, 0.0, 1.0],
                [0.911974, 0.189287, 0.363965, -0.125006, -0.250179, -0.446511, 0.859091, -0.002831, 0.325134, -0.874525, -0.35985, -1.2e-05, 0.0, 0.0, 0.0, 1.0],
                [0.911975, 0.189287, 0.363965, -0.125006, -0.250179, -0.446511, 0.859092, -0.002831, 0.325134, -0.874526, -0.35985, -1.2e-05, 0.0, 0.0, 0.0, 1.0],
                [0.706108, 0.537188, 0.461339, -0.125006, -0.331123, -0.325396, 0.885705, -0.002831, 0.625913, -0.778166, -0.051889, -1.1e-05, 0.0, 0.0, 0.0, 1.0],
                [0.935946, 0.105473, 0.335972, -0.125006, -0.280276, -0.354459, 0.892077, -0.002831, 0.213182, -0.929101, -0.302192, -1.2e-05, 0.0, 0.0, 0.0, 1.0],
                [0.938399, -0.221654, 0.265101, -0.125006, -0.33425, -0.387646, 0.859073, -0.002831, -0.087648, -0.89476, -0.437853, -1.2e-05, 0.0, 0.0, 0.0, 1.0],
                [0.858058, -0.474347, 0.196805, -0.125006, -0.397887, -0.371771, 0.838731, -0.002831, -0.324682, -0.797982, -0.507739, -1.2e-05, 0.0, 0.0, 0.0, 1.0],
                [0.533319, -0.827833, -0.173954, -0.125006, -0.611835, -0.519502, 0.596468, -0.002831, -0.584146, -0.21167, -0.783561, -1.2e-05, 0.0, 0.0, 0.0, 1.0],
                [0.86673, -0.402483, -0.294599, -0.125006, -0.452945, -0.882444, -0.127001, -0.002831, -0.208849, 0.24352, -0.947142, -1.2e-05, 0.0, 0.0, 0.0, 1.0],
                [0.923884, -0.245888, -0.29322, -0.125006, -0.328203, -0.903152, -0.27676, -0.002831, -0.196769, 0.351936, -0.915108, -1.2e-05, 0.0, 0.0, 0.0, 1.0],
                [0.928275, -0.250295, -0.275064, -0.125006, -0.329985, -0.895437, -0.298831, -0.002831, -0.171505, 0.36817, -0.913802, -1.2e-05, 0.0, 0.0, 0.0, 1.0],
                [0.9301, -0.291297, -0.223745, -0.125006, -0.357536, -0.857554, -0.36982, -0.002831, -0.084145, 0.423972, -0.901758, -1.2e-05, 0.0, 0.0, 0.0, 1.0],
                [0.929481, -0.297822, -0.217641, -0.125006, -0.361427, -0.853208, -0.376034, -0.002831, -0.073701, 0.428184, -0.90068, -1.2e-05, 0.0, 0.0, 0.0, 1.0],
                [0.929797, -0.296745, -0.217763, -0.125006, -0.360592, -0.853022, -0.377256, -0.002831, -0.073807, 0.429301, -0.900139, -1.2e-05, 0.0, 0.0, 0.0, 1.0],
                [0.929934, -0.296277, -0.217818, -0.125006, -0.360231, -0.852938, -0.37779, -0.002831, -0.073853, 0.429791, -0.899902, -1.2e-05, 0.0, 0.0, 0.0, 1.0],
                [0.930072, -0.295799, -0.217875, -0.125006, -0.359862, -0.852849, -0.378342, -0.002831, -0.073899, 0.430296, -0.899656, -1.2e-05, 0.0, 0.0, 0.0, 1.0],
                [0.930137, -0.295576, -0.217901, -0.125006, -0.359691, -0.852808, -0.378598, -0.002831, -0.073921, 0.430531, -0.899542, -1.2e-05, 0.0, 0.0, 0.0, 1.0],
                [0.9302, -0.295359, -0.217927, -0.125006, -0.359524, -0.852767, -0.378849, -0.002831, -0.073942, 0.430761, -0.89943, -1.2e-05, 0.0, 0.0, 0.0, 1.0],
                [0.930262, -0.295143, -0.217953, -0.125006, -0.359359, -0.852725, -0.379101, -0.002831, -0.073963, 0.430993, -0.899318, -1.2e-05, 0.0, 0.0, 0.0, 1.0],
                [0.930324, -0.294929, -0.217979, -0.125006, -0.359194, -0.852683, -0.37935, -0.002831, -0.073984, 0.431222, -0.899206, -1.2e-05, 0.0, 0.0, 0.0, 1.0],
                [0.930416, -0.29461, -0.218019, -0.125006, -0.35895, -0.85262, -0.379723, -0.002831, -0.074015, 0.431564, -0.899039, -1.2e-05, 0.0, 0.0, 0.0, 1.0],
                [0.93043, -0.294563, -0.218024, -0.125006, -0.358914, -0.852611, -0.379778, -0.002831, -0.07402, 0.431615, -0.899015, -1.2e-05, 0.0, 0.0, 0.0, 1.0],
                [0.967462, -0.217438, -0.129377, -0.125006, -0.237037, -0.957738, -0.162939, -0.002831, -0.088479, 0.18831, -0.978114, -1.2e-05, 0.0, 0.0, 0.0, 1.0],
                [0.979508, -0.169554, -0.108696, -0.125006, -0.177664, -0.981607, -0.069863, -0.002831, -0.09485, 0.087748, -0.991614, -1.2e-05, 0.0, 0.0, 0.0, 1.0],
                [0.982569, -0.153175, -0.105331, -0.125006, -0.1587, -0.986243, -0.046243, -0.002831, -0.096797, 0.062158, -0.993359, -1.2e-05, 0.0, 0.0, 0.0, 1.0],
                [0.984994, -0.137995, -0.10365, -0.125006, -0.141706, -0.989473, -0.029361, -0.002831, -0.098506, 0.043613, -0.994178, -1.2e-05, 0.0, 0.0, 0.0, 1.0],
                [0.987474, -0.079994, -0.136001, -0.125006, -0.088099, -0.994609, -0.054692, -0.002831, -0.130892, 0.065994, -0.989196, -1.2e-05, 0.0, 0.0, 0.0, 1.0],
                [0.927199, -0.374543, -0.004503, -0.125006, -0.261553, -0.656009, 0.707982, -0.002831, -0.26812, -0.655261, -0.706214, -1.2e-05, 0.0, 0.0, 0.0, 1.0],
                [0.949287, -0.262303, -0.173355, -0.125006, -0.128612, -0.827088, 0.547159, -0.002831, -0.286899, -0.497113, -0.81888, -1.2e-05, 0.0, 0.0, 0.0, 1.0],
                [0.882407, -0.301163, -0.361469, -0.125006, -0.084608, -0.85734, 0.507749, -0.002831, -0.462814, -0.417455, -0.782003, -1.2e-05, 0.0, 0.0, 0.0, 1.0],
                [0.796786, -0.317011, -0.514428, -0.125006, -0.059992, -0.888631, 0.454681, -0.002831, -0.601274, -0.331417, -0.727067, -1.2e-05, 0.0, 0.0, 0.0, 1.0]
            ]
        },
        {
            "name": "Leg_L",
            "time": [0.0, 0.0333, 0.0667, 0.0833, 0.1, 0.1167, 0.1333, 0.15, 0.1667, 0.2, 0.25, 0.3, 0.3833, 0.4333, 0.5, 0.5667, 0.6, 0.6167, 0.6333, 0.6667, 0.7, 0.7333, 0.7667, 0.8167, 0.85, 0.8667, 0.8833, 0.9, 1.0333, 1.15, 1.2, 1.2667],
            "transform": [
                [1.0, -1e-06, 0.0, -0.0, -0.0, 0.207206, 0.9783, 0.37472, -1e-06, -0.978297, 0.207206, -0.0, 0.0, 0.0, 0.0, 1.0],
                [1.0, -1e-06, 0.0, 0.0, -0.0, 0.391583, 0.920144, 0.37472, -1e-06, -0.920142, 0.391584, 0.0, 0.0, 0.0, 0.0, 1.0],
                [1.0, -1e-06, 0.0, -0.0, -0.0, 0.299356, 0.954144, 0.37472, -1e-06, -0.95414, 0.299356, 0.0, 0.0, 0.0, 0.0, 1.0],
                [1.0, -1e-06, 1e-06, -0.0, -0.0, 0.299355, 0.954144, 0.37472, -1e-06, -0.954141, 0.299354, -0.0, 0.0, 0.0, 0.0, 1.0],
                [1.0, -1e-06, 1e-06, 0.0, -0.0, 0.352469, 0.935826, 0.37472, -1e-06, -0.935822, 0.352468, 0.0, 0.0, 0.0, 0.0, 1.0],
                [1.0, -1e-06, 1e-06, -0.0, -0.0, 0.493346, 0.869836, 0.37472, -1e-06, -0.869832, 0.493346, 0.0, 0.0, 0.0, 0.0, 1.0],
                [1.0, -1e-06, 1e-06, -0.0, -0.0, 0.512313, 0.858802, 0.37472, -1e-06, -0.858797, 0.512314, -0.0, 0.0, 0.0, 0.0, 1.0],
                [1.0, -1e-06, 1e-06, -0.0, -0.0, 0.425044, 0.905176, 0.37472, -1e-06, -0.905171, 0.425044, 0.0, 0.0, 0.0, 0.0, 1.0],
                [1.0, -1e-06, 0.0, 0.0, -0.0, 0.355685, 0.93461, 0.37472, -1e-06, -0.934605, 0.355686, -0.0, 0.0, 0.0, 0.0, 1.0],
                [1.0, -1e-06, 1e-06, 0.0, -0.0, 0.511329, 0.859382, 0.37472, -1e-06, -0.859388, 0.511332, -0.0, 0.0, 0.0, 0.0, 1.0],
                [1.0, -0.0, 1e-06, 0.0, -0.0, 0.574577, 0.818448, 0.37472, -1e-06, -0.818453, 0.57458, -0.0, 0.0, 0.0, 0.0, 1.0],
                [1.0, -0.0, 1e-06, -0.0, -0.0, 0.594125, 0.804369, 0.37472, -1e-06, -0.804376, 0.594128, -0.0, 0.0, 0.0, 0.0, 1.0],
                [1.0, -0.0, 1e-06, 0.0, -0.0, 0.671864, 0.740671, 0.37472, -1e-06, -0.740677, 0.671867, 0.0, 0.0, 0.0, 0.0, 1.0],
                [1.0, -0.0, 1e-06, -0.0, -0.0, 0.68082, 0.732446, 0.37472, -1e-06, -0.732453, 0.680823, 0.0, 0.0, 0.0, 0.0, 1.0],
                [1.0, -0.0, 1e-06, 0.0, -0.0, 0.684511, 0.728998, 0.37472, -1e-06, -0.729005, 0.684514, 0.0, 0.0, 0.0, 0.0, 1.0],
                [1.0, -0.0, 1e-06, -0.0, -0.0, 0.686115, 0.727489, 0.37472, -1e-06, -0.727496, 0.686117, 0.0, 0.0, 0.0, 0.0, 1.0],
                [1.0, -0.0, 1e-06, 0.0, -0.0, 0.687757, 0.725937, 0.37472, -1e-06, -0.725943, 0.68776, -0.0, 0.0, 0.0, 0.0, 1.0],
                [1.0, -0.0, 1e-06, 0.0, -0.0, 0.68852, 0.725213, 0.37472, -1e-06, -0.72522, 0.688522, 0.0, 0.0, 0.0, 0.0, 1.0],
                [1.0, -0.0, 1e-06, -0.0, -0.0, 0.689265, 0.724505, 0.37472, -1e-06, -0.724512, 0.689267, -1e-06, 0.0, 0.0, 0.0, 1.0],
                [1.0, -0.0, 1e-06, 0.0, -0.0, 0.690007, 0.723799, 0.37472, -1e-06, -0.723805, 0.690009, -0.0, 0.0, 0.0, 0.0, 1.0],
                [1.0, -0.0, 1e-06, 0.0, -0.0, 0.690744, 0.723095, 0.37472, -1e-06, -0.723102, 0.690746, 1e-06, 0.0, 0.0, 0.0, 1.0],
                [1.0, -0.0, 1e-06, 0.0, -0.0, 0.691841, 0.722046, 0.37472, -1e-06, -0.722052, 0.691843, 0.0, 0.0, 0.0, 0.0, 1.0],
                [1.0, -0.0, 1e-06, 0.0, -0.0, 0.692003, 0.721891, 0.37472, -1e-06, -0.721897, 0.692005, 0.0, 0.0, 0.0, 0.0, 1.0],
                [1.0, -0.0, 1e-06, -0.0, -0.0, 0.620466, 0.78423, 0.37472, -1e-06, -0.784236, 0.620469, -0.0, 0.0, 0.0, 0.0, 1.0],
                [1.0, -0.0, 1e-06, 0.0, -0.0, 0.655507, 0.755186, 0.37472, -1e-06, -0.755191, 0.655511, 0.0, 0.0, 0.0, 0.0, 1.0],
                [1.0, -0.0, 1e-06, 0.0, -0.0, 0.680983, 0.732296, 0.37472, -1e-06, -0.732302, 0.680986, -0.0, 0.0, 0.0, 0.0, 1.0],
                [1.0, -0.0, 1e-06, -0.0, -0.0, 0.711079, 0.703109, 0.37472, -1e-06, -0.703113, 0.711082, -0.0, 0.0, 0.0, 0.0, 1.0],
                [1.0, -0.0, 1e-06, 0.0, -0.0, 0.730753, 0.68264, 0.37472, -1e-06, -0.682644, 0.730756, -0.0, 0.0, 0.0, 0.0, 1.0],
                [1.0, -0.0, 1e-06, -0.0, -0.0, 0.624516, 0.781012, 0.37472, -1e-06, -0.781013, 0.624517, 0.0, 0.0, 0.0, 0.0, 1.0],
                [1.0, -0.0, 1e-06, 0.0, -0.0, 0.613907, 0.789378, 0.37472, -1e-06, -0.789378, 0.613908, -0.0, 0.0, 0.0, 0.0, 1.0],
                [1.0, -0.0, 1e-06, 0.0, -0.0, 0.698121, 0.715978, 0.37472, -1e-06, -0.71598, 0.698123, -0.0, 0.0, 0.0, 0.0, 1.0],
                [1.0, -0.0, 1e-06, -0.0, -0.0, 0.788613, 0.614889, 0.37472, -1e-06, -0.614891, 0.788614, 0.0, 0.0, 0.0, 0.0, 1.0]
            ]
        },
        {
            "name": "Knee_L",
            "time": [0.0, 0.0333, 0.0667, 0.0833, 0.1, 0.1167, 0.1333, 0.15, 0.1667, 0.2, 0.25, 0.3, 0.3833, 0.4333, 0.5, 0.5667, 0.6, 0.6167, 0.6333, 0.6667, 0.7, 0.7333, 0.7667, 0.8167, 0.85, 0.8667, 0.8833, 0.9, 1.0333, 1.15, 1.2, 1.2667],
            "transform": [
                [1.0, 0.0, -0.0, -0.0, -0.0, 1e-06, -1.0, 0.462796, -0.0, 1.0, 1e-06, -0.0, 0.0, 0.0, 0.0, 1.0],
                [1.0, 0.0, -0.0, 0.0, -0.0, 1e-06, -1.0, 0.442456, -0.0, 1.0, 1e-06, -0.0, 0.0, 0.0, 0.0, 1.0],
                [1.0, 0.0, -0.0, 0.0, -0.0, 1e-06, -1.0, 0.452786, -0.0, 1.0, 1e-06, -0.0, 0.0, 0.0, 0.0, 1.0],
                [1.0, 0.0, -0.0, -0.0, -0.0, 1e-06, -1.0, 0.452786, -0.0, 1.0, 1e-06, -0.0, 0.0, 0.0, 0.0, 1.0],
                [1.0, 0.0, -0.0, 0.0, -0.0, 1e-06, -1.0, 0.446883, -0.0, 1.0, 1e-06, 0.0, 0.0, 0.0, 0.0, 1.0],
                [1.0, 0.0, -0.0, -0.0, -0.0, 1e-06, -1.0, 0.430526, -0.0, 1.0, 1e-06, 0.0, 0.0, 0.0, 0.0, 1.0],
                [1.0, 0.0, -0.0, -0.0, -0.0, 1e-06, -1.0, 0.428221, -0.0, 1.0, 1e-06, -0.0, 0.0, 0.0, 0.0, 1.0],
                [1.0, 0.0, -0.0, -1e-06, -0.0, 1e-06, -1.0, 0.438606, -0.0, 1.0, 1e-06, -0.0, 0.0, 0.0, 0.0, 1.0],
                [1.0, 0.0, -0.0, 0.0, -0.0, 1e-06, -1.0, 0.446522, -0.0, 1.0, 0.0, -0.0, 0.0, 0.0, 0.0, 1.0],
                [1.0, 0.0, -0.0, 0.0, -0.0, 1e-06, -1.0, 0.42834, -0.0, 1.0, 1e-06, 0.0, 0.0, 0.0, 0.0, 1.0],
                [1.0, 0.0, -0.0, -0.0, -0.0, 1e-06, -1.0, 0.420425, -0.0, 1.0, 1e-06, -0.0, 0.0, 0.0, 0.0, 1.0],
                [1.0, 0.0, -0.0, -0.0, -0.0, 1e-06, -1.0, 0.417894, -0.0, 1.0, 1e-06, 0.0, 0.0, 0.0, 0.0, 1.0],
                [1.0, 0.0, -0.0, 0.0, -0.0, 1e-06, -1.0, 0.407333, -0.0, 1.0, 1e-06, 0.0, 0.0, 0.0, 0.0, 1.0],
                [1.0, 0.0, -0.0, -0.0, -0.0, 1e-06, -1.0, 0.406056, -0.0, 1.0, 0.0, -0.0, 0.0, 0.0, 0.0, 1.0],
                [1.0, 0.0, -0.0, -0.0, -0.0, 1e-06, -1.0, 0.405525, -0.0, 1.0, 1e-06, 0.0, 0.0, 0.0, 0.0, 1.0],
                [1.0, 0.0, -0.0, -0.0, -0.0, 1e-06, -1.0, 0.405294, -0.0, 1.0, 1e-06, 0.0, 0.0, 0.0, 0.0, 1.0],
                [1.0, 0.0, -0.0, 0.0, -0.0, 1e-06, -1.0, 0.405056, -0.0, 1.0, 1e-06, -0.0, 0.0, 0.0, 0.0, 1.0],
                [1.0, 0.0, -0.0, 0.0, -0.0, 1e-06, -1.0, 0.404946, -0.0, 1.0, 0.0, 0.0, 0.0, 0.0, 0.0, 1.0],
                [1.0, 0.0, -0.0, -0.0, -0.0, 1e-06, -1.0, 0.404838, -0.0, 1.0, 0.0, -0.0, 0.0, 0.0, 0.0, 1.0],
                [1.0, 0.0, -0.0, 0.0, -0.0, 1e-06, -1.0, 0.40473, -0.0, 1.0, 1e-06, -0.0, 0.0, 0.0, 0.0, 1.0],
                [1.0, 0.0, -0.0, 0.0, -0.0, 1e-06, -1.0, 0.404624, -0.0, 1.0, 1e-06, 0.0, 0.0, 0.0, 0.0, 1.0],
                [1.0, 0.0, -0.0, -0.0, -0.0, 1e-06, -1.0, 0.404464, -0.0, 1.0, 1e-06, -0.0, 0.0, 0.0, 0.0, 1.0],
                [1.0, 0.0, -0.0, 0.0, -0.0, 1e-06, -1.0, 0.404441, -0.0, 1.0, 1e-06, 0.0, 0.0, 0.0, 0.0, 1.0],
                [1.0, 0.0, -0.0, 0.0, -0.0, 1e-06, -1.0, 0.414411, -0.0, 1.0, 1e-06, -0.0, 0.0, 0.0, 0.0, 1.0],
                [1.0, 0.0, -0.0, 0.0, -0.0, 1e-06, -1.0, 0.40963, -0.0, 1.0, 1e-06, 0.0, 0.0, 0.0, 0.0, 1.0],
                [1.0, 0.0, -0.0, -0.0, -0.0, 1e-06, -1.0, 0.406032, -0.0, 1.0, 1e-06, 0.0, 0.0, 0.0, 0.0, 1.0],
                [1.0, 0.0, -0.0, -0.0, -0.0, 1e-06, -1.0, 0.401628, -0.0, 1.0, 1e-06, 0.0, 0.0, 0.0, 0.0, 1.0],
                [1.0, 0.0, -0.0, 0.0, -0.0, 1e-06, -1.0, 0.398646, -0.0, 1.0, 1e-06, -1e-06, 0.0, 0.0, 0.0, 1.0],
                [1.0, 0.0, -0.0, -0.0, -0.0, 1e-06, -1.0, 0.413868, -0.0, 1.0, 1e-06, 0.0, 0.0, 0.0, 0.0, 1.0],
                [1.0, 0.0, -0.0, 0.0, -0.0, 1e-06, -1.0, 0.415287, -0.0, 1.0, 1e-06, -0.0, 0.0, 0.0, 0.0, 1.0],
                [1.0, 0.0, -0.0, -0.0, -0.0, 1e-06, -1.0, 0.403546, -0.0, 1.0, 1e-06, -0.0, 0.0, 0.0, 0.0, 1.0],
                [1.0, 0.0, -0.0, -0.0, -0.0, 1e-06, -1.0, 0.389284, -0.0, 1.0, 1e-06, -0.0, 0.0, 0.0, 0.0, 1.0]
            ]
        },
        {
            "name": "Torso",
            "time": [0.0, 0.0333, 0.0667, 0.0833, 0.1, 0.1167, 0.1333, 0.15, 0.1667, 0.2, 0.25, 0.3, 0.3833, 0.4333, 0.5, 0.5667, 0.6, 0.6167, 0.6333, 0.6667, 0.7, 0.7333, 0.7667, 0.8167, 0.85, 0.8667, 0.8833, 0.9, 1.0333, 1.15, 1.2, 1.2667],
            "transform": [
                [0.940295, 0.146883, 0.307036, -0.0, -0.162269, 0.986429, 0.02505, 0.05, -0.299189, -0.073376, 0.951368, -0.0, 0.0, 0.0, 0.0, 1.0],
                [0.941086, 0.197933, -0.27419, 0.0, -0.185661, 0.980097, 0.070284, 0.05, 0.282645, -0.015237, 0.959104, -0.0, 0.0, 0.0, 0.0, 1.0],
                [0.959927, 0.197933, -0.198399, 0.0, -0.190667, 0.980097, 0.05528, 0.05, 0.205392, -0.015237, 0.978561, -0.0, 0.0, 0.0, 0.0, 1.0],
                [0.959927, 0.197933, -0.198399, 0.0, -0.190667, 0.980097, 0.05528, 0.05, 0.205392, -0.015237, 0.978561, 0.0, 0.0, 0.0, 0.0, 1.0],
                [0.959927, 0.197933, -0.198399, -0.0, -0.190667, 0.980097, 0.05528, 0.05, 0.205392, -0.015237, 0.978561, 0.0, 0.0, 0.0, 0.0, 1.0],
                [0.970932, 0.154107, -0.183144, 0.0, -0.109617, 0.96649, 0.232123, 0.05, 0.212779, -0.2053, 0.955289, -0.0, 0.0, 0.0, 0.0, 1.0],
                [0.977445, 0.112329, -0.17884, 0.0, -0.042429, 0.933998, 0.354751, 0.05, 0.206885, -0.339161, 0.917697, -0.0, 0.0, 0.0, 0.0, 1.0],
                [0.98006, 0.079337, -0.182178, -0.0, -1.4e-05, 0.91686, 0.399209, 0.05, 0.198704, -0.391247, 0.898578, -0.0, 0.0, 0.0, 0.0, 1.0],
                [0.98006, 0.038165, -0.195004, 0.0, -1.4e-05, 0.981394, 0.192004, 0.05, 0.198704, -0.188173, 0.961825, -0.0, 0.0, 0.0, 0.0, 1.0],
                [0.935451, 0.038165, -0.351388, -0.0, 0.03113, 0.981394, 0.189464, 0.05, 0.352082, -0.188173, 0.916858, -0.0, 0.0, 0.0, 0.0, 1.0],
                [0.890179, 0.029285, -0.45467, 0.0, 0.081358, 0.971676, 0.221871, 0.05, 0.448289, -0.234496, 0.862583, 0.0, 0.0, 0.0, 0.0, 1.0],
                [0.88074, 0.024467, -0.472968, 0.0, 0.114858, 0.957816, 0.263433, 0.05, 0.459462, -0.28634, 0.840776, -0.0, 0.0, 0.0, 0.0, 1.0],
                [0.859792, 0.014099, -0.51045, 0.0, 0.212277, 0.899284, 0.382395, 0.05, 0.464431, -0.437137, 0.770204, -0.0, 0.0, 0.0, 0.0, 1.0],
                [0.858937, 0.013881, -0.511894, -0.0, 0.219603, 0.893062, 0.392703, 0.05, 0.462604, -0.44972, 0.764035, -0.0, 0.0, 0.0, 0.0, 1.0],
                [0.861329, 0.021063, -0.50761, 0.0, 0.171405, 0.928511, 0.329375, 0.05, 0.47826, -0.370707, 0.796143, 0.0, 0.0, 0.0, 0.0, 1.0],
                [0.86826, 0.006419, -0.496067, -0.0, 0.157829, 0.944392, 0.288467, 0.05, 0.470334, -0.328758, 0.818965, 0.0, 0.0, 0.0, 0.0, 1.0],
                [0.885451, -0.012386, -0.464568, -0.0, 0.140998, 0.959686, 0.24315, 0.05, 0.442828, -0.2808, 0.851501, 0.0, 0.0, 0.0, 0.0, 1.0],
                [0.89489, -0.021288, -0.445779, -0.0, 0.133097, 0.966138, 0.221051, 0.05, 0.425978, -0.257148, 0.86742, 0.0, 0.0, 0.0, 0.0, 1.0],
                [0.904739, -0.029893, -0.424916, -0.0, 0.125496, 0.971966, 0.198831, 0.05, 0.40706, -0.233216, 0.883127, 0.0, 0.0, 0.0, 0.0, 1.0],
                [0.914475, -0.038032, -0.402851, 0.0, 0.118307, 0.9772, 0.176304, 0.05, 0.386961, -0.208886, 0.898125, -0.0, 0.0, 0.0, 0.0, 1.0],
                [0.923877, -0.045604, -0.379962, -0.0, 0.11161, 0.98182, 0.153538, 0.05, 0.366052, -0.184258, 0.912171, 0.0, 0.0, 0.0, 0.0, 1.0],
                [0.937088, -0.055778, -0.344608, -0.0, 0.102581, 0.987569, 0.1191, 0.05, 0.333681, -0.146957, 0.931161, -0.0, 0.0, 0.0, 0.0, 1.0],
                [0.938974, -0.057174, -0.339203, 0.0, 0.101339, 0.988306, 0.113941, 0.05, 0.328722, -0.141362, 0.933787, 0.0, 0.0, 0.0, 0.0, 1.0],
                [0.948772, -0.039288, -0.31351, -0.0, 0.060935, 0.996364, 0.059544, 0.05, 0.310031, -0.075597, 0.947716, 0.0, 0.0, 0.0, 0.0, 1.0],
                [0.952701, -0.02693, -0.302712, -0.0, 0.039139, 0.998644, 0.034338, 0.05, 0.301377, -0.044562, 0.952463, 0.0, 0.0, 0.0, 0.0, 1.0],
                [0.953829, -0.022375, -0.299516, -0.0, 0.031734, 0.999147, 0.026419, 0.05, 0.29867, -0.034705, 0.953725, 0.0, 0.0, 0.0, 0.0, 1.0],
                [0.954799, -0.018032, -0.296705, -0.0, 0.024862, 0.999505, 0.01926, 0.05, 0.296211, -0.025766, 0.954775, 0.0, 0.0, 0.0, 0.0, 1.0],
                [0.952373, -0.01591, -0.304521, 0.0, 0.021685, 0.999643, 0.01559, 0.05, 0.304164, -0.021451, 0.952378, -0.0, 0.0, 0.0, 0.0, 1.0],
                [0.908003, -0.009507, -0.418857, -0.0, 0.012184, 0.999919, 0.003718, 0.05, 0.418787, -0.008479, 0.908045, 0.0, 0.0, 0.0, 0.0, 1.0],
                [0.971379, -0.005739, -0.237468, 0.0, 0.006559, 0.999975, 0.002664, 0.05, 0.237446, -0.004145, 0.971392, 0.0, 0.0, 0.0, 0.0, 1.0],
                [0.987063, -0.003966, -0.160285, -0.0, 0.004335, 0.999989, 0.001954, 0.05, 0.160275, -0.002624, 0.987069, 0.0, 0.0, 0.0, 0.0, 1.0],
                [0.996314, -0.002168, -0.085753, 0.0, 0.002273, 0.999997, 0.001126, 0.05, 0.08575, -0.001317, 0.996316, 0.0, 0.0, 0.0, 0.0, 1.0]
            ]
        },
        {
            "name": "Chest",
            "time": [0.0, 0.0333, 0.0667, 0.0833, 0.1, 0.1167, 0.1333, 0.15, 0.1667, 0.2, 0.25, 0.3, 0.3833, 0.4333, 0.5, 0.5667, 0.6, 0.6167, 0.6333, 0.6667, 0.7, 0.7333, 0.7667, 0.8167, 0.85, 0.8667, 0.8833, 0.9, 1.0333, 1.15, 1.2, 1.2667],
            "transform": [
                [0.520139, -0.09517, 0.848763, 0.0, -0.122505, 0.975183, 0.184419, 0.3, -0.84525, -0.199901, 0.495572, -0.0, 0.0, 0.0, 0.0, 1.0],
                [0.539663, -0.227962, 0.81043, -0.0, -0.435353, 0.748372, 0.500407, 0.3, -0.720577, -0.622874, 0.304625, 0.0, 0.0, 0.0, 0.0, 1.0],
                [0.476612, -0.19215, 0.857857, 0.0, -0.469185, 0.769627, 0.433059, 0.3, -0.743442, -0.608895, 0.27666, -0.0, 0.0, 0.0, 0.0, 1.0],
                [0.476612, -0.19215, 0.857857, -0.0, -0.469185, 0.769627, 0.433059, 0.3, -0.743442, -0.608895, 0.27666, 0.0, 0.0, 0.0, 0.0, 1.0],
                [0.476612, -0.19215, 0.857857, -0.0, -0.469185, 0.769627, 0.433059, 0.3, -0.743442, -0.608895, 0.27666, 0.0, 0.0, 0.0, 0.0, 1.0],
                [0.787875, -0.107133, 0.606444, 0.0, -0.248056, 0.846125, 0.471742, 0.3, -0.563667, -0.522106, 0.640066, 0.0, 0.0, 0.0, 0.0, 1.0],
                [0.935599, -0.089635, 0.341498, 0.0, -0.073427, 0.89669, 0.436527, 0.3, -0.345346, -0.433489, 0.83236, 0.0, 0.0, 0.0, 0.0, 1.0],
