{
    "animation": [
        {
            "name": "Root",
            "time": [0.0, 0.0667, 0.1167, 0.15, 0.1833, 0.2167, 0.3, 0.3333, 0.3667, 0.3833, 0.4833, 0.5667, 0.6, 0.6333, 0.6667, 0.75, 0.9333, 1.1167, 1.4167, 1.5667, 1.6333, 1.6833, 1.7333, 1.75, 1.7667, 1.7833, 1.8, 2.1],
            "transform": [
                [-0.045106, -0.025732, 0.998651, -0.005177, 0.998408, -0.035038, 0.044192, -0.02837, 0.033854, 0.999055, 0.027271, 0.574562, 0.0, 0.0, 0.0, 1.0],
                [-0.045106, -0.025732, 0.998651, -0.005177, 0.998408, -0.035038, 0.044192, -0.020019, 0.033854, 0.999055, 0.027271, 0.554939, 0.0, 0.0, 0.0, 1.0],
                [-0.045106, -0.025732, 0.998651, -0.005177, 0.998408, -0.035038, 0.044192, 0.02163, 0.033854, 0.999055, 0.027271, 0.535316, 0.0, 0.0, 0.0, 1.0],
                [-0.01488, -0.025135, 0.999573, -0.005177, 0.999275, -0.035404, 0.013986, 0.029658, 0.035038, 0.999057, 0.025643, 0.535316, 0.0, 0.0, 0.0, 1.0],
                [0.063627, -0.024725, 0.997668, -0.005177, 0.997279, -0.035721, -0.064487, 0.035623, 0.037232, 0.999056, 0.022385, 0.535316, 0.0, 0.0, 0.0, 1.0],
                [0.176139, -0.025732, 0.984029, -0.005177, 0.983591, -0.035038, -0.176976, 0.049405, 0.039032, 0.999055, 0.019138, 0.535316, 0.0, 0.0, 0.0, 1.0],
                [0.75735, -0.028305, 0.652395, -0.081757, 0.652105, -0.019765, -0.757871, 0.141921, 0.034346, 0.999404, 0.003489, 0.58302, 0.0, 0.0, 0.0, 1.0],
                [0.878128, -0.026788, 0.477676, -0.109231, 0.477445, -0.014853, -0.878536, 0.1745, 0.030629, 0.999531, -0.000253, 0.601509, 0.0, 0.0, 0.0, 1.0],
                [0.954131, -0.02442, 0.298393, -0.137296, 0.298218, -0.010629, -0.954439, 0.207877, 0.026479, 0.999645, -0.002859, 0.621102, 0.0, 0.0, 0.0, 1.0],
                [0.992007, -0.02152, 0.124334, -0.164984, 0.124206, -0.007188, -0.99223, 0.241542, 0.022246, 0.999743, -0.004458, 0.640914, 0.0, 0.0, 0.0, 1.0],
                [0.977687, -0.014521, -0.209567, -0.222667, -0.20962, -0.002258, -0.97778, 0.338292, 0.013725, 0.999892, -0.005252, 0.688398, 0.0, 0.0, 0.0, 1.0],
                [0.978315, -0.014521, -0.206614, -0.222667, -0.206667, -0.002258, -0.978409, 0.411214, 0.013741, 0.999892, -0.005211, 0.695569, 0.0, 0.0, 0.0, 1.0],
                [0.989258, -0.01452, 0.145458, -0.20374, 0.14544, -0.002259, -0.989365, 0.544954, 0.014694, 0.999892, -0.000123, 0.669771, 0.0, 0.0, 0.0, 1.0],
                [0.631456, -0.01452, 0.775276, -0.166904, 0.775335, -0.002258, -0.631547, 0.736098, 0.010921, 0.999892, 0.009832, 0.614652, 0.0, 0.0, 0.0, 1.0],
                [0.256425, -0.014521, 0.966455, -0.144311, 0.966546, -0.002258, -0.256483, 0.857898, 0.005907, 0.999892, 0.013456, 0.571478, 0.0, 0.0, 0.0, 1.0],
                [0.256425, -0.014521, 0.966455, -0.144311, 0.966546, -0.002258, -0.256483, 0.889161, 0.005907, 0.999892, 0.013456, 0.551478, 0.0, 0.0, 0.0, 1.0],
                [0.256425, -0.014521, 0.966455, -0.144311, 0.966546, -0.002258, -0.256483, 0.90857, 0.005907, 0.999892, 0.013456, 0.551478, 0.0, 0.0, 0.0, 1.0],
                [0.256425, -0.014521, 0.966455, -0.144311, 0.966546, -0.002258, -0.256483, 0.90857, 0.005907, 0.999892, 0.013456, 0.571478, 0.0, 0.0, 0.0, 1.0],
                [0.528015, -0.014521, 0.849111, -0.144311, 0.849181, -0.002258, -0.528097, 0.90857, 0.009586, 0.999892, 0.011139, 0.591478, 0.0, 0.0, 0.0, 1.0],
                [0.528015, -0.014521, 0.849111, -0.144311, 0.849181, -0.002258, -0.528097, 0.90857, 0.009586, 0.999892, 0.011139, 0.60595, 0.0, 0.0, 0.0, 1.0],
                [0.527154, -0.014521, 0.849646, -0.144311, 0.849716, -0.002258, -0.527236, 0.90857, 0.009575, 0.999892, 0.011148, 0.605939, 0.0, 0.0, 0.0, 1.0],
                [0.52355, -0.014521, 0.851871, -0.144311, 0.851942, -0.002258, -0.523632, 0.90857, 0.009528, 0.999892, 0.011189, 0.605917, 0.0, 0.0, 0.0, 1.0],
                [0.516041, -0.014521, 0.856441, -0.144311, 0.856512, -0.002258, -0.516122, 0.90857, 0.009429, 0.999892, 0.011272, 0.605892, 0.0, 0.0, 0.0, 1.0],
                [0.512592, -0.014521, 0.858509, -0.144311, 0.858581, -0.002258, -0.512673, 0.90857, 0.009384, 0.999892, 0.01131, 0.605884, 0.0, 0.0, 0.0, 1.0],
                [0.503024, -0.014521, 0.864151, -0.144311, 0.864223, -0.002258, -0.503104, 0.90857, 0.009257, 0.999892, 0.011413, 0.605872, 0.0, 0.0, 0.0, 1.0],
                [0.479387, -0.014521, 0.877483, -0.144311, 0.877558, -0.002258, -0.479465, 0.90857, 0.008944, 0.999892, 0.01166, 0.605855, 0.0, 0.0, 0.0, 1.0],
                [0.426588, -0.014521, 0.90433, -0.144311, 0.904409, -0.002258, -0.426661, 0.90857, 0.008238, 0.999892, 0.01217, 0.605878, 0.0, 0.0, 0.0, 1.0],
                [0.817339, -0.026232, 0.57556, -0.144314, 0.575674, 0.078091, -0.813942, 0.911231, -0.023595, 0.996601, 0.078928, 0.683432, 0.0, 0.0, 0.0, 1.0]
            ]
        },
        {
            "name": "Thigh_R",
            "time": [0.0, 0.0667, 0.1167, 0.15, 0.1833, 0.2167, 0.3, 0.3333, 0.3667, 0.3833, 0.4833, 0.5667, 0.6, 0.6333, 0.6667, 0.75, 0.9333, 1.1167, 1.4167, 1.5667, 1.6333, 1.6833, 1.7333, 1.75, 1.7667, 1.7833, 1.8, 2.1],
            "transform": [
                [0.729002, 0.509954, 0.456617, 0.124994, 0.170267, -0.781196, 0.600616, -0.002831, 0.662996, -0.360103, -0.656325, -1.2e-05, 0.0, 0.0, 0.0, 1.0],
                [0.730666, 0.525966, 0.435296, 0.124994, 0.16695, -0.755866, 0.633081, -0.002831, 0.662008, -0.389898, -0.640099, -1.2e-05, 0.0, 0.0, 0.0, 1.0],
                [0.752653, 0.493548, 0.435796, 0.124994, 0.120633, -0.754051, 0.645641, -0.002831, 0.647271, -0.433372, -0.62708, -1.2e-05, 0.0, 0.0, 0.0, 1.0],
                [0.763099, 0.47861, 0.434289, 0.124994, 0.105615, -0.755302, 0.646809, -0.002831, 0.637592, -0.447712, -0.626922, -1.2e-05, 0.0, 0.0, 0.0, 1.0],
                [0.789372, 0.453989, 0.413256, 0.124994, 0.08655, -0.748722, 0.657207, -0.002831, 0.607782, -0.483013, -0.630317, -1.2e-05, 0.0, 0.0, 0.0, 1.0],
                [0.8398, 0.395055, 0.372374, 0.124994, 0.053807, -0.743095, 0.667017, -0.002831, 0.540222, -0.540125, -0.645311, -1.2e-05, 0.0, 0.0, 0.0, 1.0],
                [0.970604, 0.131769, 0.201398, 0.124994, 0.001738, -0.840612, 0.541631, -0.002831, 0.240671, -0.525359, -0.816134, -1.2e-05, 0.0, 0.0, 0.0, 1.0],
                [0.985562, 0.098249, 0.137882, 0.124994, 0.019489, -0.874809, 0.484072, -0.002831, 0.168184, -0.474395, -0.864097, -1.2e-05, 0.0, 0.0, 0.0, 1.0],
                [0.991401, 0.097503, 0.087272, 0.124994, 0.052296, -0.906562, 0.418816, -0.002831, 0.119956, -0.410649, -0.903868, -1.2e-05, 0.0, 0.0, 0.0, 1.0],
                [0.991263, 0.121041, 0.052397, 0.124994, 0.09545, -0.93247, 0.348401, -0.002831, 0.091032, -0.340355, -0.935879, -1.2e-05, 0.0, 0.0, 0.0, 1.0],
                [0.974018, 0.215262, 0.070345, 0.124994, 0.211117, -0.975492, 0.061965, -0.002831, 0.081962, -0.045505, -0.995596, -1.2e-05, 0.0, 0.0, 0.0, 1.0],
                [0.965204, 0.216278, 0.146973, 0.124994, 0.239628, -0.95656, -0.166037, -0.002831, 0.10468, 0.195477, -0.975105, -1.2e-05, 0.0, 0.0, 0.0, 1.0],
                [0.959017, 0.182305, 0.216902, 0.124994, 0.179232, -0.983219, 0.033947, -0.002831, 0.219453, 0.00632, -0.975602, -1.2e-05, 0.0, 0.0, 0.0, 1.0],
                [0.833465, 0.36055, 0.418731, 0.124994, 0.204569, -0.905278, 0.372316, -0.002831, 0.51331, -0.224653, -0.828278, -1.2e-05, 0.0, 0.0, 0.0, 1.0],
                [0.653943, 0.569332, 0.498211, 0.124994, 0.337246, -0.808861, 0.481669, -0.002831, 0.677215, -0.146964, -0.720957, -1.2e-05, 0.0, 0.0, 0.0, 1.0],
                [0.647083, 0.602827, 0.466774, 0.124994, 0.347095, -0.778028, 0.523635, -0.002831, 0.678827, -0.17682, -0.71269, -1.2e-05, 0.0, 0.0, 0.0, 1.0],
                [0.655803, 0.585496, 0.476562, 0.124994, 0.334544, -0.791289, 0.511799, -0.002831, 0.676757, -0.176208, -0.714807, -1.2e-05, 0.0, 0.0, 0.0, 1.0],
                [0.662433, 0.552286, 0.50612, 0.124994, 0.324794, -0.820559, 0.470306, -0.002831, 0.675048, -0.147162, -0.722947, -1.2e-05, 0.0, 0.0, 0.0, 1.0],
                [0.852282, 0.447504, 0.270833, 0.124994, 0.286963, -0.832905, 0.4732, -0.002831, 0.43734, -0.325581, -0.838291, -1.2e-05, 0.0, 0.0, 0.0, 1.0],
                [0.855384, 0.42873, 0.290694, 0.124994, 0.281123, -0.855592, 0.434661, -0.002831, 0.435071, -0.290082, -0.852389, -1.2e-05, 0.0, 0.0, 0.0, 1.0],
                [0.854902, 0.429058, 0.29163, 0.124994, 0.281201, -0.855635, 0.434526, -0.002831, 0.435968, -0.28947, -0.852138, -1.2e-05, 0.0, 0.0, 0.0, 1.0],
                [0.852877, 0.430388, 0.295571, 0.124994, 0.281522, -0.855849, 0.433895, -0.002831, 0.439709, -0.286849, -0.851101, -1.2e-05, 0.0, 0.0, 0.0, 1.0],
                [0.848623, 0.433078, 0.303774, 0.124994, 0.282189, -0.856327, 0.432517, -0.002831, 0.447445, -0.281322, -0.848911, -1.2e-05, 0.0, 0.0, 0.0, 1.0],
                [0.846651, 0.434286, 0.307526, 0.124994, 0.282496, -0.856548, 0.431877, -0.002831, 0.450971, -0.278775, -0.847885, -1.2e-05, 0.0, 0.0, 0.0, 1.0],
                [0.841126, 0.437543, 0.317897, 0.124994, 0.283355, -0.857175, 0.430068, -0.002831, 0.46067, -0.271664, -0.844975, -1.2e-05, 0.0, 0.0, 0.0, 1.0],
                [0.827115, 0.445095, 0.343172, 0.124994, 0.285524, -0.858698, 0.42557, -0.002831, 0.484103, -0.254012, -0.837331, -1.2e-05, 0.0, 0.0, 0.0, 1.0],
                [0.79406, 0.459459, 0.397945, 0.124994, 0.290607, -0.861986, 0.415361, -0.002831, 0.533867, -0.214176, -0.817994, -1.2e-05, 0.0, 0.0, 0.0, 1.0],
                [0.890154, 0.383156, 0.246603, 0.124994, 0.239737, -0.854062, 0.461631, -0.002831, 0.387493, -0.351802, -0.852105, -1.2e-05, 0.0, 0.0, 0.0, 1.0]
            ]
        },
        {
            "name": "Leg_R",
            "time": [0.0, 0.0667, 0.1167, 0.15, 0.1833, 0.2167, 0.3, 0.3333, 0.3667, 0.3833, 0.4833, 0.5667, 0.6, 0.6333, 0.6667, 0.75, 0.9333, 1.1167, 1.4167, 1.5667, 1.6333, 1.6833, 1.7333, 1.75, 1.7667, 1.7833, 1.8, 2.1],
            "transform": [
                [1.0, -1e-06, 0.0, 0.0, -0.0, 0.386696, 0.922209, 0.37472, -1e-06, -0.922206, 0.386695, 0.0, 0.0, 0.0, 0.0, 1.0],
                [1.0, -1e-06, 0.0, -0.0, -0.0, 0.295618, 0.955309, 0.37472, -1e-06, -0.955305, 0.295617, -0.0, 0.0, 0.0, 0.0, 1.0],
                [1.0, -1e-06, 0.0, 0.0, -0.0, 0.184834, 0.982772, 0.37472, -1e-06, -0.982769, 0.184832, 0.0, 0.0, 0.0, 0.0, 1.0],
                [1.0, -1e-06, 0.0, -0.0, -0.0, 0.179711, 0.983722, 0.37472, -1e-06, -0.983718, 0.179709, -0.0, 0.0, 0.0, 0.0, 1.0],
                [1.0, -1e-06, 0.0, -0.0, -0.0, 0.175074, 0.984558, 0.37472, -1e-06, -0.984554, 0.175071, 0.0, 0.0, 0.0, 0.0, 1.0],
                [1.0, -1e-06, 0.0, -0.0, -0.0, 0.167792, 0.985825, 0.37472, -1e-06, -0.985821, 0.16779, -0.0, 0.0, 0.0, 0.0, 1.0],
                [1.0, -1e-06, 0.0, -0.0, -0.0, 0.356995, 0.934108, 0.37472, -1e-06, -0.934106, 0.356993, 0.0, 0.0, 0.0, 0.0, 1.0],
                [1.0, -1e-06, 1e-06, 0.0, -0.0, 0.44126, 0.897381, 0.37472, -1e-06, -0.897379, 0.441258, -0.0, 0.0, 0.0, 0.0, 1.0],
                [1.0, -1e-06, 1e-06, -0.0, -0.0, 0.537568, 0.843222, 0.37472, -1e-06, -0.843221, 0.537567, -0.0, 0.0, 0.0, 0.0, 1.0],
                [1.0, -0.0, 1e-06, 0.0, -0.0, 0.644015, 0.765014, 0.37472, -1e-06, -0.765013, 0.644014, -0.0, 0.0, 0.0, 0.0, 1.0],
                [1.0, 0.0, 1e-06, -0.0, -0.0, 0.953912, 0.300089, 0.37472, -1e-06, -0.300089, 0.953911, -0.0, 0.0, 0.0, 0.0, 1.0],
                [1.0, 0.0, 1e-06, 0.0, -0.0, 0.999986, 0.005326, 0.37472, -1e-06, -0.005328, 0.999985, 0.0, 0.0, 0.0, 0.0, 1.0],
                [1.0, -0.0, 1e-06, 0.0, -0.0, 0.905361, 0.424644, 0.37472, -1e-06, -0.424645, 0.90536, -0.0, 0.0, 0.0, 0.0, 1.0],
                [1.0, -0.0, 1e-06, 0.0, -0.0, 0.634032, 0.773308, 0.37472, -1e-06, -0.773307, 0.634031, -0.0, 0.0, 0.0, 0.0, 1.0],
                [1.0, -0.0, 1e-06, -0.0, -0.0, 0.57536, 0.817901, 0.37472, -1e-06, -0.8179, 0.575359, -0.0, 0.0, 0.0, 0.0, 1.0],
                [1.0, -0.0, 1e-06, -0.0, -0.0, 0.4882, 0.872734, 0.37472, -1e-06, -0.872732, 0.488198, 0.0, 0.0, 0.0, 0.0, 1.0],
                [1.0, -0.0, 0.0, 0.0, -0.0, 0.469625, 0.882868, 0.37472, -1e-06, -0.882866, 0.469623, 0.0, 0.0, 0.0, 0.0, 1.0],
                [1.0, -1e-06, 1e-06, 0.0, -0.0, 0.556783, 0.83066, 0.37472, -1e-06, -0.830658, 0.556782, -0.0, 0.0, 0.0, 0.0, 1.0],
                [1.0, -0.0, 1e-06, -0.0, -0.0, 0.621862, 0.783129, 0.37472, -1e-06, -0.783127, 0.621861, -0.0, 0.0, 0.0, 0.0, 1.0],
                [1.0, -0.0, 1e-06, 0.0, -0.0, 0.688811, 0.724942, 0.37472, -1e-06, -0.724941, 0.68881, 0.0, 0.0, 0.0, 0.0, 1.0],
                [1.0, -0.0, 1e-06, 0.0, -0.0, 0.688805, 0.724948, 0.37472, -1e-06, -0.724947, 0.688804, 0.0, 0.0, 0.0, 0.0, 1.0],
                [1.0, -0.0, 1e-06, 0.0, -0.0, 0.688887, 0.724871, 0.37472, -1e-06, -0.72487, 0.688885, -0.0, 0.0, 0.0, 0.0, 1.0],
                [1.0, -0.0, 1e-06, 0.0, -0.0, 0.689173, 0.724598, 0.37472, -1e-06, -0.724597, 0.689172, -0.0, 0.0, 0.0, 0.0, 1.0],
                [1.0, -0.0, 1e-06, -0.0, -0.0, 0.689324, 0.724455, 0.37472, -1e-06, -0.724454, 0.689323, -0.0, 0.0, 0.0, 0.0, 1.0],
                [1.0, -0.0, 1e-06, 0.0, -0.0, 0.689819, 0.723983, 0.37472, -1e-06, -0.723982, 0.689818, 0.0, 0.0, 0.0, 0.0, 1.0],
                [1.0, -0.0, 1e-06, -0.0, -0.0, 0.691225, 0.722641, 0.37472, -1e-06, -0.72264, 0.691224, -0.0, 0.0, 0.0, 0.0, 1.0],
                [1.0, -0.0, 1e-06, 0.0, -0.0, 0.695293, 0.718728, 0.37472, -1e-06, -0.718727, 0.695292, 0.0, 0.0, 0.0, 0.0, 1.0],
                [1.0, -0.0, 1e-06, -0.0, -0.0, 0.826687, 0.562664, 0.37472, -1e-06, -0.562664, 0.826686, -0.0, 0.0, 0.0, 0.0, 1.0]
            ]
        },
        {
            "name": "Knee_R",
            "time": [0.0, 0.0667, 0.1167, 0.15, 0.1833, 0.2167, 0.3, 0.3333, 0.3667, 0.3833, 0.4833, 0.5667, 0.6, 0.6333, 0.6667, 0.75, 0.9333, 1.1167, 1.4167, 1.5667, 1.6333, 1.6833, 1.7333, 1.75, 1.7667, 1.7833, 1.8, 2.1],
            "transform": [
                [1.0, 0.0, -0.0, 0.0, -0.0, 1e-06, -1.0, 0.443014, -0.0, 1.0, 1e-06, -0.0, 0.0, 0.0, 0.0, 1.0],
                [1.0, 0.0, -0.0, 0.0, -0.0, 1e-06, -1.0, 0.453197, -0.0, 1.0, 1e-06, -0.0, 0.0, 0.0, 0.0, 1.0],
                [1.0, 0.0, -0.0, 0.0, -0.0, 1e-06, -1.0, 0.465193, -0.0, 1.0, 1e-06, -0.0, 0.0, 0.0, 0.0, 1.0],
                [1.0, 0.0, -0.0, 0.0, -0.0, 1e-06, -1.0, 0.46574, -0.0, 1.0, 1e-06, -0.0, 0.0, 0.0, 0.0, 1.0],
                [1.0, 0.0, -0.0, -0.0, -0.0, 1e-06, -1.0, 0.466235, -0.0, 1.0, 1e-06, -0.0, 0.0, 0.0, 0.0, 1.0],
                [1.0, 0.0, -0.0, -0.0, -0.0, 1e-06, -1.0, 0.467011, -0.0, 1.0, 1e-06, -0.0, 0.0, 0.0, 0.0, 1.0],
                [1.0, 0.0, -0.0, 0.0, -0.0, 1e-06, -1.0, 0.446375, -0.0, 1.0, 0.0, -0.0, 0.0, 0.0, 0.0, 1.0],
                [1.0, 0.0, -0.0, 0.0, -0.0, 1e-06, -1.0, 0.436716, -0.0, 1.0, 1e-06, -0.0, 0.0, 0.0, 0.0, 1.0],
                [1.0, 0.0, -0.0, 0.0, -0.0, 1e-06, -1.0, 0.425104, -0.0, 1.0, 1e-06, -0.0, 0.0, 0.0, 0.0, 1.0],
                [1.0, 0.0, -0.0, 0.0, -0.0, 1e-06, -1.0, 0.411218, -0.0, 1.0, 1e-06, 0.0, 0.0, 0.0, 0.0, 1.0],
                [1.0, 0.0, -0.0, 0.0, -0.0, 1e-06, -1.0, 0.37472, -0.0, 1.0, 1e-06, -0.0, 0.0, 0.0, 0.0, 1.0],
                [1.0, 0.0, -0.0, 0.0, -0.0, 1e-06, -1.0, 0.37472, -0.0, 1.0, 1e-06, -0.0, 0.0, 0.0, 0.0, 1.0],
                [1.0, 0.0, -0.0, -0.0, -0.0, 1e-06, -1.0, 0.37472, -0.0, 1.0, 1e-06, -0.0, 0.0, 0.0, 0.0, 1.0],
                [1.0, 0.0, -0.0, 0.0, -0.0, 1e-06, -1.0, 0.412582, -0.0, 1.0, 1e-06, -0.0, 0.0, 0.0, 0.0, 1.0],
                [1.0, -0.0, -0.0, -0.0, -0.0, 1e-06, -1.0, 0.420325, 0.0, 1.0, 1e-06, -0.0, 0.0, 0.0, 0.0, 1.0],
                [1.0, 0.0, -0.0, -0.0, -0.0, 1e-06, -1.0, 0.431146, -0.0, 1.0, 1e-06, -0.0, 0.0, 0.0, 0.0, 1.0],
                [1.0, 0.0, -0.0, 0.0, -0.0, 1e-06, -1.0, 0.433369, -0.0, 1.0, 1e-06, -0.0, 0.0, 0.0, 0.0, 1.0],
                [1.0, 0.0, -0.0, 0.0, -0.0, 1e-06, -1.0, 0.422692, -0.0, 1.0, 1e-06, -0.0, 0.0, 0.0, 0.0, 1.0],
                [1.0, 0.0, -0.0, 0.0, -0.0, 1e-06, -1.0, 0.414225, -0.0, 1.0, 1e-06, -0.0, 0.0, 0.0, 0.0, 1.0],
                [1.0, 0.0, -0.0, -0.0, -0.0, 1e-06, -1.0, 0.404904, -0.0, 1.0, 1e-06, -0.0, 0.0, 0.0, 0.0, 1.0],
                [1.0, 0.0, -0.0, 0.0, -0.0, 1e-06, -1.0, 0.404905, -0.0, 1.0, 1e-06, 0.0, 0.0, 0.0, 0.0, 1.0],
                [1.0, 0.0, -0.0, -0.0, -0.0, 1e-06, -1.0, 0.404893, -0.0, 1.0, 1e-06, -0.0, 0.0, 0.0, 0.0, 1.0],
                [1.0, 0.0, -0.0, -0.0, -0.0, 1e-06, -1.0, 0.404852, -0.0, 1.0, 1e-06, -0.0, 0.0, 0.0, 0.0, 1.0],
                [1.0, 0.0, -0.0, 0.0, -0.0, 1e-06, -1.0, 0.40483, -0.0, 1.0, 1e-06, -0.0, 0.0, 0.0, 0.0, 1.0],
                [1.0, 0.0, -0.0, 0.0, -0.0, 1e-06, -1.0, 0.404758, -0.0, 1.0, 1e-06, -0.0, 0.0, 0.0, 0.0, 1.0],
                [1.0, 0.0, -0.0, -0.0, -0.0, 1e-06, -1.0, 0.404554, -0.0, 1.0, 1e-06, -0.0, 0.0, 0.0, 0.0, 1.0],
                [1.0, 0.0, -0.0, -0.0, -0.0, 1e-06, -1.0, 0.403961, -0.0, 1.0, 0.0, 0.0, 0.0, 0.0, 0.0, 1.0],
                [1.0, 0.0, -0.0, 0.0, -0.0, 1e-06, -1.0, 0.382494, -0.0, 1.0, 1e-06, 0.0, 0.0, 0.0, 0.0, 1.0]
            ]
        },
        {
            "name": "Thigh_L",
            "time": [0.0, 0.0667, 0.1167, 0.15, 0.1833, 0.2167, 0.3, 0.3333, 0.3667, 0.3833, 0.4833, 0.5667, 0.6, 0.6333, 0.6667, 0.75, 0.9333, 1.1167, 1.4167, 1.5667, 1.6333, 1.6833, 1.7333, 1.75, 1.7667, 1.7833, 1.8, 2.1],
            "transform": [
                [0.810843, 0.073368, 0.580643, -0.125006, -0.412523, -0.632107, 0.655944, -0.002831, 0.415159, -0.771398, -0.482275, -1.2e-05, 0.0, 0.0, 0.0, 1.0],
                [0.80701, 0.079594, 0.585146, -0.125006, -0.431747, -0.596503, 0.676592, -0.002831, 0.402899, -0.798653, -0.44702, -1.2e-05, 0.0, 0.0, 0.0, 1.0],
                [0.792875, 0.022339, 0.608971, -0.125006, -0.488188, -0.57481, 0.656707, -0.002831, 0.364718, -0.81798, -0.444848, -1.2e-05, 0.0, 0.0, 0.0, 1.0],
                [0.78922, -0.006267, 0.614075, -0.125006, -0.500166, -0.586744, 0.636839, -0.002831, 0.356319, -0.809747, -0.466205, -1.2e-05, 0.0, 0.0, 0.0, 1.0],
                [0.790491, -0.056722, 0.609839, -0.125006, -0.511378, -0.60909, 0.606216, -0.002831, 0.337067, -0.791068, -0.510488, -1.2e-05, 0.0, 0.0, 0.0, 1.0],
                [0.798898, -0.146348, 0.583387, -0.125006, -0.526712, -0.638538, 0.561108, -0.002831, 0.290403, -0.755546, -0.587211, -1.2e-05, 0.0, 0.0, 0.0, 1.0],
                [0.956603, -0.21699, 0.194487, -0.125006, -0.290886, -0.75034, 0.59361, -0.002831, 0.017128, -0.624422, -0.780897, -1.2e-05, 0.0, 0.0, 0.0, 1.0],
                [0.969574, -0.238405, 0.05558, -0.125006, -0.223507, -0.769535, 0.598213, -0.002831, -0.099843, -0.592433, -0.799407, -1.2e-05, 0.0, 0.0, 0.0, 1.0],
                [0.96184, -0.263577, -0.073428, -0.125006, -0.16934, -0.784252, 0.596885, -0.002831, -0.214909, -0.561672, -0.798959, -1.2e-05, 0.0, 0.0, 0.0, 1.0],
                [0.937146, -0.291615, -0.191622, -0.125006, -0.130059, -0.801508, 0.583666, -0.002831, -0.32379, -0.522056, -0.789057, -1.2e-05, 0.0, 0.0, 0.0, 1.0],
                [0.84299, -0.305161, -0.442997, -0.125006, -0.09509, -0.895089, 0.435628, -0.002831, -0.529457, -0.325102, -0.783568, -1.2e-05, 0.0, 0.0, 0.0, 1.0],
                [0.835559, -0.298075, -0.461511, -0.125006, -0.126714, -0.921936, 0.366025, -0.002831, -0.534586, -0.247353, -0.808102, -1.2e-05, 0.0, 0.0, 0.0, 1.0],
                [0.929933, -0.294626, -0.220049, -0.125006, -0.193166, -0.900569, 0.389436, -0.002831, -0.312905, -0.319642, -0.89438, -1.2e-05, 0.0, 0.0, 0.0, 1.0],
                [0.919031, -0.262919, 0.293692, -0.125006, -0.373793, -0.817801, 0.437582, -0.002831, 0.125138, -0.511931, -0.849862, -1.2e-05, 0.0, 0.0, 0.0, 1.0],
                [0.812066, -0.260904, 0.52199, -0.125006, -0.517118, -0.736244, 0.436496, -0.002831, 0.270434, -0.624395, -0.732799, -1.2e-05, 0.0, 0.0, 0.0, 1.0],
                [0.798157, -0.30447, 0.519845, -0.125006, -0.553884, -0.710272, 0.43442, -0.002831, 0.23697, -0.634671, -0.735553, -1.2e-05, 0.0, 0.0, 0.0, 1.0],
                [0.79164, -0.344269, 0.504759, -0.125006, -0.568977, -0.716426, 0.403725, -0.002831, 0.222638, -0.606802, -0.763035, -1.2e-05, 0.0, 0.0, 0.0, 1.0],
                [0.79685, -0.365231, 0.481282, -0.125006, -0.557004, -0.752666, 0.351048, -0.002831, 0.234037, -0.54781, -0.8032, -1.2e-05, 0.0, 0.0, 0.0, 1.0],
                [0.84144, -0.51041, 0.177366, -0.125006, -0.540336, -0.796895, 0.270167, -0.002831, 0.003451, -0.323168, -0.946335, -1.2e-05, 0.0, 0.0, 0.0, 1.0],
                [0.846747, -0.513301, 0.139789, -0.125006, -0.531902, -0.82172, 0.20458, -0.002831, 0.009861, -0.247582, -0.968816, -1.2e-05, 0.0, 0.0, 0.0, 1.0],
                [0.846732, -0.513035, 0.140853, -0.125006, -0.531909, -0.821681, 0.204717, -0.002831, 0.010714, -0.248263, -0.968632, -1.2e-05, 0.0, 0.0, 0.0, 1.0],
                [0.846667, -0.511924, 0.145222, -0.125006, -0.531929, -0.821556, 0.205164, -0.002831, 0.014285, -0.250955, -0.967892, -1.2e-05, 0.0, 0.0, 0.0, 1.0],
                [0.846487, -0.509594, 0.154187, -0.125006, -0.531965, -0.82134, 0.205937, -0.002831, 0.021701, -0.256346, -0.966341, -1.2e-05, 0.0, 0.0, 0.0, 1.0],
                [0.846381, -0.508517, 0.158264, -0.125006, -0.531983, -0.821247, 0.206263, -0.002831, 0.025091, -0.258772, -0.965612, -1.2e-05, 0.0, 0.0, 0.0, 1.0],
                [0.84602, -0.505511, 0.169436, -0.125006, -0.532035, -0.821017, 0.207043, -0.002831, 0.034452, -0.265309, -0.963547, -1.2e-05, 0.0, 0.0, 0.0, 1.0],
                [0.84467, -0.497969, 0.196365, -0.125006, -0.532215, -0.82051, 0.208583, -0.002831, 0.057256, -0.280693, -0.958088, -1.2e-05, 0.0, 0.0, 0.0, 1.0],
                [0.839454, -0.480821, 0.253231, -0.125006, -0.532862, -0.819739, 0.209956, -0.002831, 0.106638, -0.311187, -0.944347, -1.2e-05, 0.0, 0.0, 0.0, 1.0],
                [0.911518, -0.350641, -0.214912, -0.125006, -0.255959, -0.892712, 0.370875, -0.002831, -0.321895, -0.283049, -0.903472, -1.2e-05, 0.0, 0.0, 0.0, 1.0]
            ]
        },
        {
            "name": "Leg_L",
            "time": [0.0, 0.0667, 0.1167, 0.15, 0.1833, 0.2167, 0.3, 0.3333, 0.3667, 0.3833, 0.4833, 0.5667, 0.6, 0.6333, 0.6667, 0.75, 0.9333, 1.1167, 1.4167, 1.5667, 1.6333, 1.6833, 1.7333, 1.75, 1.7667, 1.7833, 1.8, 2.1],
            "transform": [
                [1.0, -1e-06, 1e-06, -0.0, -0.0, 0.47186, 0.881675, 0.37472, -1e-06, -0.881673, 0.47186, -0.0, 0.0, 0.0, 0.0, 1.0],
                [1.0, -0.0, 0.0, 0.0, -0.0, 0.401353, 0.915925, 0.37472, -1e-06, -0.915923, 0.401353, -0.0, 0.0, 0.0, 0.0, 1.0],
                [1.0, -1e-06, 1e-06, -0.0, -0.0, 0.375919, 0.926654, 0.37472, -1e-06, -0.926652, 0.375919, -0.0, 0.0, 0.0, 0.0, 1.0],
                [1.0, -0.0, 0.0, 0.0, -0.0, 0.379942, 0.925011, 0.37472, -1e-06, -0.92501, 0.379942, 0.0, 0.0, 0.0, 0.0, 1.0],
                [1.0, -1e-06, 0.0, 0.0, -0.0, 0.371467, 0.928448, 0.37472, -1e-06, -0.928445, 0.371467, 0.0, 0.0, 0.0, 0.0, 1.0],
                [1.0, -1e-06, 0.0, 0.0, -0.0, 0.37193, 0.928262, 0.37472, -1e-06, -0.92826, 0.37193, -0.0, 0.0, 0.0, 0.0, 1.0],
                [1.0, -1e-06, 0.0, -0.0, -0.0, 0.337562, 0.941304, 0.37472, -1e-06, -0.941303, 0.337562, -0.0, 0.0, 0.0, 0.0, 1.0],
                [1.0, -1e-06, 0.0, 0.0, -0.0, 0.395133, 0.918625, 0.37472, -1e-06, -0.918624, 0.395133, 0.0, 0.0, 0.0, 0.0, 1.0],
                [1.0, -0.0, 1e-06, 0.0, -0.0, 0.482961, 0.875643, 0.37472, -1e-06, -0.875642, 0.482961, 0.0, 0.0, 0.0, 0.0, 1.0],
                [1.0, -0.0, 1e-06, 0.0, -0.0, 0.595045, 0.803692, 0.37472, -1e-06, -0.803693, 0.595046, 0.0, 0.0, 0.0, 0.0, 1.0],
                [1.0, -0.0, 1e-06, -0.0, -0.0, 0.904854, 0.425721, 0.37472, -1e-06, -0.425721, 0.904855, 0.0, 0.0, 0.0, 0.0, 1.0],
                [1.0, -0.0, 1e-06, -0.0, -0.0, 0.889137, 0.45764, 0.37472, -1e-06, -0.457641, 0.889138, -0.0, 0.0, 0.0, 0.0, 1.0],
                [1.0, -0.0, 1e-06, -0.0, -0.0, 0.761636, 0.648004, 0.37472, -1e-06, -0.648005, 0.761637, 0.0, 0.0, 0.0, 0.0, 1.0],
                [1.0, -0.0, 1e-06, -0.0, -0.0, 0.666827, 0.745213, 0.37472, -1e-06, -0.745212, 0.666828, 0.0, 0.0, 0.0, 0.0, 1.0],
                [1.0, -0.0, 1e-06, -0.0, -0.0, 0.731521, 0.681819, 0.37472, -1e-06, -0.681818, 0.731522, -0.0, 0.0, 0.0, 0.0, 1.0],
                [1.0, -0.0, 1e-06, 0.0, -0.0, 0.704246, 0.709956, 0.37472, -1e-06, -0.709955, 0.704247, 0.0, 0.0, 0.0, 0.0, 1.0],
                [1.0, -0.0, 1e-06, -0.0, -0.0, 0.742426, 0.669928, 0.37472, -1e-06, -0.669928, 0.742427, 0.0, 0.0, 0.0, 0.0, 1.0],
                [1.0, -0.0, 1e-06, 0.0, -0.0, 0.825559, 0.564315, 0.37472, -1e-06, -0.564315, 0.82556, 0.0, 0.0, 0.0, 0.0, 1.0],
                [1.0, -0.0, 1e-06, -0.0, -0.0, 0.876692, 0.48105, 0.37472, -1e-06, -0.481051, 0.876693, -0.0, 0.0, 0.0, 0.0, 1.0],
                [1.0, 0.0, 1e-06, -0.0, -0.0, 0.940632, 0.339427, 0.37472, -1e-06, -0.339427, 0.940632, 0.0, 0.0, 0.0, 0.0, 1.0],
                [1.0, 0.0, 1e-06, 0.0, -0.0, 0.940636, 0.339414, 0.37472, -1e-06, -0.339415, 0.940637, -0.0, 0.0, 0.0, 0.0, 1.0],
                [1.0, 0.0, 1e-06, 0.0, -0.0, 0.940757, 0.339079, 0.37472, -1e-06, -0.33908, 0.940758, -0.0, 0.0, 0.0, 0.0, 1.0],
                [1.0, -0.0, 1e-06, 0.0, -0.0, 0.941132, 0.338037, 0.37472, -1e-06, -0.338037, 0.941133, -0.0, 0.0, 0.0, 0.0, 1.0],
                [1.0, -0.0, 1e-06, -0.0, -0.0, 0.941326, 0.337497, 0.37472, -1e-06, -0.337498, 0.941327, 0.0, 0.0, 0.0, 0.0, 1.0],
                [1.0, -0.0, 1e-06, -0.0, -0.0, 0.941955, 0.335736, 0.37472, -1e-06, -0.335737, 0.941956, 0.0, 0.0, 0.0, 0.0, 1.0],
                [1.0, 0.0, 1e-06, 0.0, -0.0, 0.943779, 0.330577, 0.37472, -1e-06, -0.330578, 0.943779, 0.0, 0.0, 0.0, 0.0, 1.0],
                [1.0, 0.0, 1e-06, 0.0, -0.0, 0.949191, 0.314698, 0.37472, -1e-06, -0.314698, 0.949192, -0.0, 0.0, 0.0, 0.0, 1.0],
                [1.0, -0.0, 1e-06, 0.0, -0.0, 0.853238, 0.52152, 0.37472, -1e-06, -0.521522, 0.85324, -0.0, 0.0, 0.0, 0.0, 1.0]
            ]
        },
        {
            "name": "Knee_L",
            "time": [0.0, 0.0667, 0.1167, 0.15, 0.1833, 0.2167, 0.3, 0.3333, 0.3667, 0.3833, 0.4833, 0.5667, 0.6, 0.6333, 0.6667, 0.75, 0.9333, 1.1167, 1.4167, 1.5667, 1.6333, 1.6833, 1.7333, 1.75, 1.7667, 1.7833, 1.8, 2.1],
            "transform": [
                [1.0, 0.0, -0.0, 0.0, -0.0, 1e-06, -1.0, 0.433103, -0.0, 1.0, 1e-06, -0.0, 0.0, 0.0, 0.0, 1.0],
                [1.0, 0.0, -0.0, 0.0, -0.0, 1e-06, -1.0, 0.441338, -0.0, 1.0, 1e-06, -0.0, 0.0, 0.0, 0.0, 1.0],
                [1.0, 0.0, -0.0, 0.0, -0.0, 1e-06, -1.0, 0.444238, -0.0, 1.0, 1e-06, -0.0, 0.0, 0.0, 0.0, 1.0],
                [1.0, 0.0, -0.0, 0.0, -0.0, 1e-06, -1.0, 0.443782, -0.0, 1.0, 1e-06, -0.0, 0.0, 0.0, 0.0, 1.0],
                [1.0, 0.0, -0.0, 0.0, -0.0, 1e-06, -1.0, 0.444742, -0.0, 1.0, 1e-06, 0.0, 0.0, 0.0, 0.0, 1.0],
                [1.0, 0.0, -0.0, 0.0, -0.0, 1e-06, -1.0, 0.44469, -0.0, 1.0, 1e-06, -0.0, 0.0, 0.0, 0.0, 1.0],
                [1.0, 0.0, -0.0, -0.0, -0.0, 1e-06, -1.0, 0.448551, -0.0, 1.0, 1e-06, -0.0, 0.0, 0.0, 0.0, 1.0],
                [1.0, 0.0, -0.0, 0.0, -0.0, 1e-06, -1.0, 0.442051, -0.0, 1.0, 1e-06, 0.0, 0.0, 0.0, 0.0, 1.0],
                [1.0, 0.0, -0.0, 0.0, -0.0, 1e-06, -1.0, 0.431775, 0.0, 1.0, 1e-06, -0.0, 0.0, 0.0, 0.0, 1.0],
                [1.0, 0.0, -0.0, -0.0, -0.0, 1e-06, -1.0, 0.417774, -0.0, 1.0, 1e-06, -0.0, 0.0, 0.0, 0.0, 1.0],
                [1.0, 0.0, -0.0, 0.0, -0.0, 1e-06, -1.0, 0.37472, -0.0, 1.0, 1e-06, -0.0, 0.0, 0.0, 0.0, 1.0],
                [1.0, 0.0, -0.0, -0.0, -0.0, 1e-06, -1.0, 0.37472, -0.0, 1.0, 1e-06, -0.0, 0.0, 0.0, 0.0, 1.0],
                [1.0, 0.0, -0.0, 0.0, -0.0, 1e-06, -1.0, 0.393771, -0.0, 1.0, 1e-06, -0.0, 0.0, 0.0, 0.0, 1.0],
                [1.0, 0.0, -0.0, -0.0, -0.0, 1e-06, -1.0, 0.408045, -0.0, 1.0, 1e-06, -0.0, 0.0, 0.0, 0.0, 1.0],
                [1.0, 0.0, -0.0, 0.0, -0.0, 1e-06, -1.0, 0.398528, -0.0, 1.0, 1e-06, -0.0, 0.0, 0.0, 0.0, 1.0],
                [1.0, -0.0, -0.0, -0.0, -0.0, 1e-06, -1.0, 0.402644, 0.0, 1.0, 1e-06, 0.0, 0.0, 0.0, 0.0, 1.0],
                [1.0, 0.0, -0.0, -0.0, -0.0, 1e-06, -1.0, 0.396833, -0.0, 1.0, 1e-06, -0.0, 0.0, 0.0, 0.0, 1.0],
                [1.0, 0.0, -0.0, -0.0, -0.0, 1e-06, -1.0, 0.382704, -0.0, 1.0, 1e-06, 0.0, 0.0, 0.0, 0.0, 1.0],
                [1.0, 0.0, -0.0, -0.0, -0.0, 1e-06, -1.0, 0.37472, -0.0, 1.0, 1e-06, 0.0, 0.0, 0.0, 0.0, 1.0],
                [1.0, 0.0, -0.0, -0.0, -0.0, 1e-06, -1.0, 0.37472, -0.0, 1.0, 1e-06, -0.0, 0.0, 0.0, 0.0, 1.0],
                [1.0, 0.0, -0.0, 0.0, -0.0, 1e-06, -1.0, 0.37472, -0.0, 1.0, 1e-06, 0.0, 0.0, 0.0, 0.0, 1.0],
                [1.0, 0.0, -0.0, -0.0, -0.0, 1e-06, -1.0, 0.37472, -0.0, 1.0, 1e-06, 0.0, 0.0, 0.0, 0.0, 1.0],
                [1.0, 0.0, -0.0, 0.0, -0.0, 1e-06, -1.0, 0.37472, -0.0, 1.0, 1e-06, 0.0, 0.0, 0.0, 0.0, 1.0],
                [1.0, 0.0, -0.0, -0.0, -0.0, 1e-06, -1.0, 0.37472, -0.0, 1.0, 1e-06, -0.0, 0.0, 0.0, 0.0, 1.0],
                [1.0, 0.0, -0.0, -0.0, -0.0, 1e-06, -1.0, 0.37472, -0.0, 1.0, 1e-06, 0.0, 0.0, 0.0, 0.0, 1.0],
                [1.0, 0.0, -0.0, 0.0, -0.0, 1e-06, -1.0, 0.37472, -0.0, 1.0, 1e-06, 0.0, 0.0, 0.0, 0.0, 1.0],
                [1.0, 0.0, -0.0, 0.0, -0.0, 1e-06, -1.0, 0.37472, -0.0, 1.0, 1e-06, 0.0, 0.0, 0.0, 0.0, 1.0],
                [1.0, 0.0, -0.0, -0.0, -0.0, 1e-06, -1.0, 0.37735, -0.0, 1.0, 1e-06, 0.0, 0.0, 0.0, 0.0, 1.0]
            ]
        },
        {
            "name": "Torso",
            "time": [0.0, 0.0667, 0.1167, 0.15, 0.1833, 0.2167, 0.3, 0.3333, 0.3667, 0.3833, 0.4833, 0.5667, 0.6, 0.6333, 0.6667, 0.75, 0.9333, 1.1167, 1.4167, 1.5667, 1.6333, 1.6833, 1.7333, 1.75, 1.7667, 1.7833, 1.8, 2.1],
            "transform": [
                [0.940616, 0.106375, -0.322375, -0.0, 0.012958, 0.937693, 0.347223, 0.05, 0.339224, -0.330781, 0.880631, 0.0, 0.0, 0.0, 0.0, 1.0],
                [0.938588, 0.156565, -0.307475, 0.0, -0.017106, 0.911143, 0.411735, 0.05, 0.344617, -0.38119, 0.857866, -0.0, 0.0, 0.0, 0.0, 1.0],
                [0.93995, 0.202265, -0.274924, -0.0, -0.050474, 0.879006, 0.474132, 0.05, 0.33756, -0.431784, 0.836431, 0.0, 0.0, 0.0, 0.0, 1.0],
                [0.935205, 0.203753, -0.289613, 0.0, -0.043061, 0.87724, 0.478117, 0.05, 0.351478, -0.434667, 0.829173, 0.0, 0.0, 0.0, 0.0, 1.0],
                [0.925742, 0.204082, -0.318358, 0.0, -0.029074, 0.877792, 0.478159, 0.05, 0.377036, -0.433396, 0.818542, 0.0, 0.0, 0.0, 0.0, 1.0],
                [0.916817, 0.202265, -0.34429, -0.0, -0.014956, 0.879006, 0.476576, 0.05, 0.399028, -0.431784, 0.808913, 0.0, 0.0, 0.0, 0.0, 1.0],
                [0.894352, 0.154882, -0.419698, -0.0, -0.004223, 0.941039, 0.338274, 0.05, 0.447344, -0.300764, 0.842274, 0.0, 0.0, 0.0, 0.0, 1.0],
                [0.888096, 0.125732, -0.442128, 0.0, 0.00323, 0.960132, 0.279528, 0.05, 0.459647, -0.249676, 0.852283, -0.0, 0.0, 0.0, 0.0, 1.0],
                [0.882519, 0.093113, -0.460966, -0.0, 0.010259, 0.976158, 0.21682, 0.05, 0.470164, -0.196077, 0.860523, -0.0, 0.0, 0.0, 0.0, 1.0],
                [0.877915, 0.070753, -0.473559, -0.0, 0.008121, 0.98668, 0.162472, 0.05, 0.478747, -0.146482, 0.865647, -0.0, 0.0, 0.0, 0.0, 1.0],
                [0.871436, 0.055326, -0.487379, -0.0, -0.026157, 0.997446, 0.066457, 0.05, 0.489811, -0.045165, 0.870658, 0.0, 0.0, 0.0, 0.0, 1.0],
                [0.991878, 0.084761, -0.094836, 0.0, -0.06714, 0.982166, 0.175618, 0.05, 0.10803, -0.167825, 0.97988, -0.0, 0.0, 0.0, 0.0, 1.0],
                [0.992476, 0.109279, 0.05522, -0.0, -0.116883, 0.979924, 0.161517, 0.05, -0.036461, -0.166756, 0.985324, 0.0, 0.0, 0.0, 0.0, 1.0],
                [0.971331, 0.142288, 0.190449, -0.0, -0.169197, 0.976518, 0.133362, 0.05, -0.167001, -0.161762, 0.972596, -0.0, 0.0, 0.0, 0.0, 1.0],
                [0.954395, 0.160749, 0.251574, -0.0, -0.194477, 0.9741, 0.11536, 0.05, -0.226514, -0.159025, 0.960938, -0.0, 0.0, 0.0, 0.0, 1.0],
                [0.954395, 0.160749, 0.251574, -0.0, -0.194477, 0.9741, 0.11536, 0.05, -0.226514, -0.159025, 0.960938, 0.0, 0.0, 0.0, 0.0, 1.0],
                [0.954395, 0.160749, 0.251574, -0.0, -0.194477, 0.9741, 0.11536, 0.05, -0.226514, -0.159025, 0.960938, 0.0, 0.0, 0.0, 0.0, 1.0],
                [0.981593, 0.160749, 0.103123, -0.0, -0.174615, 0.9741, 0.143662, 0.05, -0.077359, -0.159025, 0.984239, 0.0, 0.0, 0.0, 0.0, 1.0],
                [0.993881, 0.039568, 0.103123, -0.0, -0.054246, 0.988139, 0.143662, 0.05, -0.096216, -0.148377, 0.984239, 0.0, 0.0, 0.0, 0.0, 1.0],
                [0.993881, 0.039568, 0.103123, -0.0, -0.054246, 0.988139, 0.143662, 0.05, -0.096216, -0.148377, 0.984239, 0.0, 0.0, 0.0, 0.0, 1.0],
                [0.994289, 0.039568, 0.099112, -0.0, -0.053666, 0.988139, 0.14388, 0.05, -0.092244, -0.148377, 0.984619, -0.0, 0.0, 0.0, 0.0, 1.0],
                [0.995821, 0.039568, 0.082308, -0.0, -0.051228, 0.988139, 0.144766, 0.05, -0.075603, -0.148377, 0.986037, 0.0, 0.0, 0.0, 0.0, 1.0],
                [0.998098, 0.039568, 0.047278, -0.0, -0.046112, 0.988139, 0.146476, 0.05, -0.040921, -0.148377, 0.988084, 0.0, 0.0, 0.0, 0.0, 1.0],
                [0.99873, 0.039568, 0.031197, 0.0, -0.043747, 0.988139, 0.147199, 0.05, -0.025002, -0.148377, 0.988615, -0.0, 0.0, 0.0, 0.0, 1.0],
                [0.999128, 0.039568, -0.013351, -0.0, -0.037142, 0.988139, 0.149003, 0.05, 0.019088, -0.148377, 0.988746, 0.0, 0.0, 0.0, 0.0, 1.0],
                [0.991709, 0.039568, -0.122263, 0.0, -0.020666, 0.988139, 0.152166, 0.05, 0.126834, -0.148377, 0.980764, 0.0, 0.0, 0.0, 0.0, 1.0],
                [0.934971, 0.039568, -0.352511, -0.0, 0.015773, 0.988139, 0.15275, 0.05, 0.354374, -0.148377, 0.923257, 0.0, 0.0, 0.0, 0.0, 1.0],
                [0.989564, 0.006873, -0.143932, -0.0, 0.002016, 0.998104, 0.061522, 0.05, 0.144082, -0.06117, 0.987673, 0.0, 0.0, 0.0, 0.0, 1.0]
            ]
        },
        {
            "name": "Chest",
            "time": [0.0, 0.0667, 0.1167, 0.15, 0.1833, 0.2167, 0.3, 0.3333, 0.3667, 0.3833, 0.4833, 0.5667, 0.6, 0.6333, 0.6667, 0.75, 0.9333, 1.1167, 1.4167, 1.5667, 1.6333, 1.6833, 1.7333, 1.75, 1.7667, 1.7833, 1.8, 2.1],
            "transform": [
                [0.724995, -0.311615, 0.61423, -0.0, 0.023526, 0.902482, 0.430084, 0.3, -0.688352, -0.297358, 0.661626, -0.0, 0.0, 0.0, 0.0, 1.0],
                [0.724995, -0.311615, 0.61423, 0.0, 0.023526, 0.902482, 0.430084, 0.3, -0.688352, -0.297358, 0.661626, -0.0, 0.0, 0.0, 0.0, 1.0],
                [0.724995, -0.311615, 0.61423, 0.0, 0.023526, 0.902482, 0.430084, 0.3, -0.688352, -0.297358, 0.661626, -0.0, 0.0, 0.0, 0.0, 1.0],
                [0.728058, -0.314643, 0.609041, 0.0, 0.029897, 0.902171, 0.43034, 0.3, -0.684863, -0.295104, 0.66624, 0.0, 0.0, 0.0, 0.0, 1.0],
                [0.744459, -0.317033, 0.587598, -0.0, 0.044971, 0.901886, 0.429627, 0.3, -0.666152, -0.293414, 0.685674, -0.0, 0.0, 0.0, 0.0, 1.0],
                [0.780935, -0.311615, 0.541329, 0.0, 0.064959, 0.902482, 0.4258, 0.3, -0.621225, -0.297358, 0.725022, -0.0, 0.0, 0.0, 0.0, 1.0],
                [0.982974, -0.182247, 0.023401, -0.0, 0.148163, 0.861498, 0.485663, 0.3, -0.10867, -0.473927, 0.873833, 0.0, 0.0, 0.0, 0.0, 1.0],
                [0.986415, -0.078651, -0.144223, -0.0, 0.131656, 0.903575, 0.407699, 0.3, 0.098251, -0.421148, 0.901655, -0.0, 0.0, 0.0, 0.0, 1.0],
                [0.952825, 0.013111, -0.303238, 0.0, 0.07191, 0.960872, 0.267496, 0.3, 0.29488, -0.276683, 0.9146, -0.0, 0.0, 0.0, 0.0, 1.0],
                [0.89862, 0.051822, -0.435656, -0.0, 0.030451, 0.983238, 0.179767, 0.3, 0.437669, -0.174808, 0.881979, -0.0, 0.0, 0.0, 0.0, 1.0],
                [0.763091, -0.004139, -0.646277, -0.0, 0.119646, 0.983599, 0.134972, 0.3, 0.635119, -0.180321, 0.751071, 0.0, 0.0, 0.0, 0.0, 1.0],
                [0.763091, -0.004139, -0.646277, 0.0, 0.119646, 0.983599, 0.134972, 0.3, 0.635119, -0.180321, 0.751071, 0.0, 0.0, 0.0, 0.0, 1.0],
                [0.943299, 0.012347, -0.331714, 0.0, 0.078168, 0.962942, 0.258132, 0.3, 0.322608, -0.269425, 0.907377, -0.0, 0.0, 0.0, 0.0, 1.0],
                [0.997817, -0.012021, -0.064934, -0.0, 0.039311, 0.898217, 0.437792, 0.3, 0.053062, -0.439389, 0.896729, 0.0, 0.0, 0.0, 0.0, 1.0],
                [0.989014, -0.058774, 0.135638, 0.0, -0.022619, 0.846588, 0.531767, 0.3, -0.146084, -0.528993, 0.835958, 0.0, 0.0, 0.0, 0.0, 1.0],
                [0.84037, -0.058774, 0.538817, 0.0, -0.244059, 0.846589, 0.472994, 0.3, -0.483956, -0.528993, 0.697104, 0.0, 0.0, 0.0, 0.0, 1.0],
                [0.738208, -0.058774, 0.672008, 0.0, -0.319861, 0.846589, 0.425414, 0.3, -0.593917, -0.528993, 0.606159, 0.0, 0.0, 0.0, 0.0, 1.0],
                [0.880783, 0.002225, 0.473515, -0.0, -0.205436, 0.902771, 0.377889, 0.3, -0.426635, -0.430115, 0.795603, -0.0, 0.0, 0.0, 0.0, 1.0],
                [0.892523, 0.10699, 0.438128, 0.0, -0.200964, 0.964026, 0.173975, 0.3, -0.403753, -0.243324, 0.881916, 0.0, 0.0, 0.0, 0.0, 1.0],
                [0.984913, 0.094455, 0.145002, -0.0, -0.112666, 0.985991, 0.122994, 0.3, -0.131353, -0.137475, 0.981757, -0.0, 0.0, 0.0, 0.0, 1.0],
                [0.985768, 0.082693, 0.146368, -0.0, -0.09903, 0.989196, 0.108092, 0.3, -0.135849, -0.121048, 0.983307, -0.0, 0.0, 0.0, 0.0, 1.0],
                [0.98509, 0.070623, 0.156878, 0.0, -0.087326, 0.990917, 0.102261, 0.3, -0.148231, -0.114436, 0.982309, -0.0, 0.0, 0.0, 0.0, 1.0],
                [0.981922, 0.059322, 0.179752, 0.0, -0.078034, 0.992035, 0.098883, 0.3, -0.172455, -0.111122, 0.978729, 0.0, 0.0, 0.0, 0.0, 1.0],
                [0.9802, 0.054893, 0.190252, 0.0, -0.074561, 0.992408, 0.09781, 0.3, -0.183439, -0.110059, 0.976851, -0.0, 0.0, 0.0, 0.0, 1.0],
                [0.974672, 0.044061, 0.219255, -0.0, -0.066335, 0.993237, 0.095286, 0.3, -0.213574, -0.107417, 0.971003, 0.0, 0.0, 0.0, 0.0, 1.0],
                [0.957013, 0.018718, 0.289442, -0.0, -0.0467, 0.994839, 0.090075, 0.3, -0.286262, -0.09972, 0.952948, -0.0, 0.0, 0.0, 0.0, 1.0],
                [0.898985, -0.033267, 0.436715, -0.0, -0.003471, 0.996539, 0.083058, 0.3, -0.437966, -0.076184, 0.895758, 0.0, 0.0, 0.0, 0.0, 1.0],
                [0.924235, -0.011579, 0.381649, -0.0, 0.000401, 0.999569, 0.029355, 0.3, -0.381824, -0.026978, 0.923841, -0.0, 0.0, 0.0, 0.0, 1.0]
            ]
        },
        {
            "name": "Head",
            "time": [0.0, 0.0667, 0.1167, 0.15, 0.1833, 0.2167, 0.3, 0.3333, 0.3667, 0.3833, 0.4833, 0.5667, 0.6, 0.6333, 0.6667, 0.75, 0.9333, 1.1167, 1.4167, 1.5667, 1.6333, 1.6833, 1.7333, 1.75, 1.7667, 1.7833, 1.8, 2.1],
            "transform": [
                [0.65615, -0.003516, -0.754623, 0.0, -0.027382, 0.99922, -0.028465, 0.4, 0.754134, 0.03934, 0.655541, -0.0, 0.0, 0.0, 0.0, 1.0],
                [0.65615, -0.003516, -0.754623, 0.0, -0.027382, 0.99922, -0.028465, 0.4, 0.754134, 0.03934, 0.655541, 0.0, 0.0, 0.0, 0.0, 1.0],
                [0.65615, -0.003516, -0.754623, -0.0, -0.027382, 0.99922, -0.028465, 0.4, 0.754134, 0.03934, 0.655541, 0.0, 0.0, 0.0, 0.0, 1.0],
                [0.65615, -0.003516, -0.754623, -0.0, -0.027382, 0.99922, -0.028465, 0.4, 0.754134, 0.03934, 0.655541, 0.0, 0.0, 0.0, 0.0, 1.0],
                [0.65615, -0.003516, -0.754623, -0.0, -0.027382, 0.99922, -0.028465, 0.4, 0.754134, 0.03934, 0.655541, 0.0, 0.0, 0.0, 0.0, 1.0],
                [0.65615, -0.003516, -0.754623, 0.0, -0.027382, 0.99922, -0.028465, 0.4, 0.754134, 0.03934, 0.655541, -0.0, 0.0, 0.0, 0.0, 1.0],
                [0.975097, -0.014481, -0.221306, 0.0, -0.0028, 0.996983, -0.077574, 0.4, 0.221761, 0.076262, 0.972114, 0.0, 0.0, 0.0, 0.0, 1.0],
                [0.999572, -0.012128, 0.026629, 0.0, 0.01451, 0.995731, -0.09115, 0.4, -0.025409, 0.091497, 0.995481, -0.0, 0.0, 0.0, 0.0, 1.0],
                [0.960187, -0.005859, 0.279298, 0.0, 0.035207, 0.994347, -0.100176, 0.4, -0.277132, 0.10602, 0.954965, -0.0, 0.0, 0.0, 0.0, 1.0],
                [0.863171, 0.00346, 0.504899, 0.0, 0.056625, 0.993005, -0.103611, 0.4, -0.501726, 0.118024, 0.856937, 0.0, 0.0, 0.0, 0.0, 1.0],
