{
    "animation": [
        {
            "name": "Root",
            "time": [0.0, 0.0167, 0.0333, 0.05, 0.0667, 0.0833, 0.1, 0.1167, 0.1333, 0.15, 0.1667, 0.1833, 0.2, 0.2167, 0.2333, 0.25, 0.2667, 0.2833, 0.3, 0.3167, 0.3333, 0.35, 0.3667, 0.3833, 0.4, 0.4167, 0.4333, 0.45, 0.4667, 0.4833, 0.5, 0.5167, 0.5333, 0.55, 0.5667, 0.5833, 0.6, 0.6167, 0.6333, 0.65, 0.6667, 0.6833, 0.7, 0.7167, 0.7333, 0.75, 0.7667, 0.7833, 0.8, 0.8167, 0.8333, 0.85, 0.8667, 0.8833, 0.9, 0.9167, 0.9333, 0.95, 0.9667, 0.9833, 1.0, 1.0167, 1.0333, 1.05, 1.0667, 1.0833, 1.1, 1.1167, 1.1333, 1.15, 1.1667, 1.1833, 1.2, 1.2167, 1.2333, 1.25, 1.2667, 1.2833, 1.3, 1.3167, 1.3333, 1.35, 1.3667, 1.3833, 1.4, 1.4167, 1.4333, 1.45, 1.4667, 1.4833, 1.5, 1.5167, 1.5333, 1.55, 1.5667, 1.5833, 1.6, 1.6167, 1.6333, 1.65, 1.6667, 1.6833, 1.7, 1.7167, 1.7333, 1.75, 1.7667, 1.7833, 1.8, 1.8167, 1.8333, 1.85, 1.8667, 1.8833, 1.9, 1.9167, 1.9333, 1.95, 1.9667, 1.9833, 2.0, 2.0167, 2.0333, 2.05, 2.0667, 2.0833, 2.1, 2.1167, 2.1333, 2.15, 2.1667, 2.1833, 2.2, 2.2167, 2.2333, 2.25, 2.2667, 2.2833, 2.3, 2.3167, 2.3333, 2.35, 2.3667, 2.3833, 2.4, 2.4167, 2.4333, 2.45, 2.4667, 2.4833, 2.5, 2.5167, 2.5333, 2.55, 2.5667, 2.5833, 2.6, 2.6167, 2.6333, 2.65, 2.6667, 2.6833, 2.7, 2.7167, 2.7333, 2.75, 2.7667, 2.7833, 2.8, 2.8167, 2.8333, 2.85, 2.8667, 2.8833, 2.9, 2.9167, 2.9333, 2.95, 2.9667, 2.9833, 3.0, 3.0167, 3.0333, 3.05, 3.0667, 3.0833, 3.1, 3.1167, 3.1333, 3.15, 3.1667, 3.1833, 3.2, 3.2167, 3.2333, 3.25, 3.2667, 3.2833, 3.3, 3.3167, 3.3333, 3.35, 3.3667, 3.3833, 3.4, 3.4167, 3.4333, 3.45, 3.4667, 3.4833, 3.5, 3.5167, 3.5333, 3.55, 3.5667, 3.5833, 3.6, 3.6167, 3.6333, 3.65, 3.6667, 3.6833, 3.7, 3.7167, 3.7333, 3.75, 3.7667, 3.7833, 3.8, 3.8167, 3.8333, 3.85, 3.8667, 3.8833, 3.9, 3.9167],
            "transform": [
                [0.990824, -0.042254, -0.128386, -0.041203, -0.105332, 0.353835, -0.929358, 0.097489, 0.084697, 0.934353, 0.346137, 0.376751, 0.0, 0.0, 0.0, 1.0],
                [0.998659, -0.036516, -0.036692, -0.036253, -0.025816, 0.263046, -0.964438, 0.104353, 0.044869, 0.964092, 0.26175, 0.377261, 0.0, 0.0, 0.0, 1.0],
                [0.990667, -0.000213, 0.136304, -0.026701, 0.135838, 0.084112, -0.987154, 0.116914, -0.011255, 0.996456, 0.083356, 0.3783, 0.0, 0.0, 0.0, 1.0],
                [0.962097, 0.053451, 0.267419, -0.018811, 0.270503, -0.062582, -0.960683, 0.125611, -0.034614, 0.996607, -0.074669, 0.379294, 0.0, 0.0, 0.0, 1.0],
                [0.925927, 0.106044, 0.36251, -0.012127, 0.376364, -0.17833, -0.909147, 0.13083, -0.031763, 0.97824, -0.205031, 0.380329, 0.0, 0.0, 0.0, 1.0],
                [0.880607, 0.15627, 0.447338, -0.004964, 0.473811, -0.278675, -0.83537, 0.134834, -0.005882, 0.947586, -0.319445, 0.381755, 0.0, 0.0, 0.0, 1.0],
                [0.828175, 0.193156, 0.526133, 0.002541, 0.559843, -0.32945, -0.760288, 0.137467, 0.026481, 0.924204, -0.380979, 0.384327, 0.0, 0.0, 0.0, 1.0],
                [0.77468, 0.194391, 0.601734, 0.009935, 0.628638, -0.339751, -0.69956, 0.138181, 0.068451, 0.920207, -0.3854, 0.388623, 0.0, 0.0, 0.0, 1.0],
                [0.720826, 0.164644, 0.673277, 0.017302, 0.680694, -0.351233, -0.642877, 0.137275, 0.130632, 0.921698, -0.36525, 0.394123, 0.0, 0.0, 0.0, 1.0],
                [0.662085, 0.113049, 0.740853, 0.024776, 0.725352, -0.345227, -0.595553, 0.135132, 0.188436, 0.931686, -0.31057, 0.400091, 0.0, 0.0, 0.0, 1.0],
                [0.602099, 0.049505, 0.796885, 0.032149, 0.764979, -0.321602, -0.558013, 0.131623, 0.228656, 0.94558, -0.231507, 0.406025, 0.0, 0.0, 0.0, 1.0],
                [0.549953, -0.000547, 0.835196, 0.039172, 0.795123, -0.305693, -0.523766, 0.126572, 0.2556, 0.95213, -0.167682, 0.411563, 0.0, 0.0, 0.0, 1.0],
                [0.510368, -0.021421, 0.859689, 0.045761, 0.818635, -0.294056, -0.493323, 0.120132, 0.263364, 0.955548, -0.132541, 0.416668, 0.0, 0.0, 0.0, 1.0],
                [0.482638, -0.020923, 0.87557, 0.051914, 0.836353, -0.285713, -0.467848, 0.112562, 0.259951, 0.958087, -0.120397, 0.421424, 0.0, 0.0, 0.0, 1.0],
                [0.462499, -0.014959, 0.886494, 0.057791, 0.848865, -0.281195, -0.447613, 0.104235, 0.255973, 0.959534, -0.117354, 0.426075, 0.0, 0.0, 0.0, 1.0],
                [0.447671, -0.004378, 0.894188, 0.063545, 0.85946, -0.273914, -0.431625, 0.095504, 0.24682, 0.961744, -0.118861, 0.430816, 0.0, 0.0, 0.0, 1.0],
                [0.437611, 0.010259, 0.899106, 0.069144, 0.868278, -0.264651, -0.419587, 0.086532, 0.233645, 0.96429, -0.124722, 0.435482, 0.0, 0.0, 0.0, 1.0],
                [0.431826, 0.028039, 0.901521, 0.074529, 0.875107, -0.255085, -0.411241, 0.077447, 0.218433, 0.966512, -0.134689, 0.439869, 0.0, 0.0, 0.0, 1.0],
                [0.428344, 0.047466, 0.902368, 0.079717, 0.880736, -0.245229, -0.405176, 0.068417, 0.202054, 0.968303, -0.146847, 0.443989, 0.0, 0.0, 0.0, 1.0],
                [0.425192, 0.067449, 0.902587, 0.084715, 0.885936, -0.235153, -0.399775, 0.059627, 0.185282, 0.969615, -0.159741, 0.447895, 0.0, 0.0, 0.0, 1.0],
                [0.4216, 0.087708, 0.90253, 0.089405, 0.891065, -0.224583, -0.394419, 0.051284, 0.168099, 0.9705, -0.172838, 0.451603, 0.0, 0.0, 0.0, 1.0],
                [0.417246, 0.108159, 0.902334, 0.093695, 0.896268, -0.213249, -0.38888, 0.043571, 0.150361, 0.970992, -0.185917, 0.455061, 0.0, 0.0, 0.0, 1.0],
                [0.412437, 0.128714, 0.901847, 0.097699, 0.901346, -0.201298, -0.383478, 0.036529, 0.132181, 0.971037, -0.199038, 0.457989, 0.0, 0.0, 0.0, 1.0],
                [0.407673, 0.149301, 0.90084, 0.101454, 0.906015, -0.189033, -0.378686, 0.030177, 0.113751, 0.970554, -0.212332, 0.460133, 0.0, 0.0, 0.0, 1.0],
                [0.403559, 0.169888, 0.899043, 0.10446, 0.909973, -0.176915, -0.375034, 0.024553, 0.09534, 0.969453, -0.225989, 0.461567, 0.0, 0.0, 0.0, 1.0],
                [0.40054, 0.190465, 0.896265, 0.106338, 0.913027, -0.1653, -0.372903, 0.01973, 0.077127, 0.967677, -0.240109, 0.462471, 0.0, 0.0, 0.0, 1.0],
                [0.398287, 0.210994, 0.892664, 0.107728, 0.915368, -0.153916, -0.372037, 0.015878, 0.058898, 0.965293, -0.25444, 0.463123, 0.0, 0.0, 0.0, 1.0],
                [0.396971, 0.231333, 0.8882, 0.109343, 0.916942, -0.142556, -0.372688, 0.012711, 0.040403, 0.962374, -0.268709, 0.463773, 0.0, 0.0, 0.0, 1.0],
                [0.396461, 0.251034, 0.883063, 0.111162, 0.917788, -0.131408, -0.374695, 0.009851, 0.02198, 0.959017, -0.282494, 0.464474, 0.0, 0.0, 0.0, 1.0],
                [0.396068, 0.269558, 0.877764, 0.113004, 0.918212, -0.120623, -0.377276, 0.007325, 0.004181, 0.9554, -0.295286, 0.46524, 0.0, 0.0, 0.0, 1.0],
                [0.396735, 0.286268, 0.872154, 0.114757, 0.917843, -0.110426, -0.381274, 0.005128, -0.012838, 0.951765, -0.306559, 0.466122, 0.0, 0.0, 0.0, 1.0],
                [0.400793, 0.29997, 0.865669, 0.116443, 0.915685, -0.100472, -0.389135, 0.00325, -0.029753, 0.948643, -0.314947, 0.467187, 0.0, 0.0, 0.0, 1.0],
                [0.408874, 0.310691, 0.858076, 0.118521, 0.911382, -0.090627, -0.40146, 0.001616, -0.046965, 0.946181, -0.320213, 0.468517, 0.0, 0.0, 0.0, 1.0],
                [0.419437, 0.319586, 0.849669, 0.121101, 0.905545, -0.081597, -0.416329, 0.000155, -0.063723, 0.944038, -0.323624, 0.470176, 0.0, 0.0, 0.0, 1.0],
                [0.42911, 0.327685, 0.841717, 0.122449, 0.899891, -0.074779, -0.429656, -0.00112, -0.077849, 0.941823, -0.326969, 0.472134, 0.0, 0.0, 0.0, 1.0],
                [0.434716, 0.335117, 0.835894, 0.122243, 0.896258, -0.070297, -0.437927, -0.002184, -0.087996, 0.93955, -0.330911, 0.474399, 0.0, 0.0, 0.0, 1.0],
                [0.435718, 0.341198, 0.832907, 0.120795, 0.895064, -0.06666, -0.440927, -0.003055, -0.094922, 0.937625, -0.334439, 0.47723, 0.0, 0.0, 0.0, 1.0],
                [0.428603, 0.348398, 0.833618, 0.117014, 0.898427, -0.066779, -0.434015, -0.003763, -0.095542, 0.934965, -0.341632, 0.480855, 0.0, 0.0, 0.0, 1.0],
                [0.413224, 0.356612, 0.837898, 0.111424, 0.906361, -0.07208, -0.41631, -0.004328, -0.088065, 0.931468, -0.353005, 0.485126, 0.0, 0.0, 0.0, 1.0],
                [0.394533, 0.363805, 0.843795, 0.105117, 0.915651, -0.078718, -0.394191, -0.004764, -0.076987, 0.928143, -0.364175, 0.489778, 0.0, 0.0, 0.0, 1.0],
                [0.378396, 0.36887, 0.848971, 0.098776, 0.923245, -0.084407, -0.374827, -0.005053, -0.066603, 0.925641, -0.372496, 0.494442, 0.0, 0.0, 0.0, 1.0],
                [0.369954, 0.369676, 0.852335, 0.092996, 0.927186, -0.088827, -0.363916, -0.005179, -0.05882, 0.924905, -0.37562, 0.498724, 0.0, 0.0, 0.0, 1.0],
                [0.368386, 0.366573, 0.854351, 0.088413, 0.928151, -0.092462, -0.360535, -0.005167, -0.053167, 0.925783, -0.374297, 0.502247, 0.0, 0.0, 0.0, 1.0],
                [0.375998, 0.358357, 0.854521, 0.085437, 0.92519, -0.093974, -0.367684, -0.005051, -0.051459, 0.928843, -0.366882, 0.504804, 0.0, 0.0, 0.0, 1.0],
                [0.39087, 0.346079, 0.852907, 0.083505, 0.918914, -0.093281, -0.38327, -0.004872, -0.053081, 0.933557, -0.354478, 0.506863, 0.0, 0.0, 0.0, 1.0],
                [0.406106, 0.333268, 0.850888, 0.081928, 0.91221, -0.092486, -0.399149, -0.004664, -0.054328, 0.938285, -0.341569, 0.50892, 0.0, 0.0, 0.0, 1.0],
                [0.421844, 0.320019, 0.848313, 0.080474, 0.904978, -0.091511, -0.415501, -0.004435, -0.055338, 0.942981, -0.328214, 0.510906, 0.0, 0.0, 0.0, 1.0],
                [0.439474, 0.305755, 0.844616, 0.079045, 0.896456, -0.089806, -0.433937, -0.004187, -0.056827, 0.947865, -0.313563, 0.512667, 0.0, 0.0, 0.0, 1.0],
                [0.458488, 0.290582, 0.839852, 0.077604, 0.886781, -0.087506, -0.453831, -0.003922, -0.058383, 0.95284, -0.297803, 0.514271, 0.0, 0.0, 0.0, 1.0],
                [0.477946, 0.274924, 0.834257, 0.076145, 0.876371, -0.084901, -0.474095, -0.003646, -0.059511, 0.95771, -0.281513, 0.515812, 0.0, 0.0, 0.0, 1.0],
                [0.49702, 0.259826, 0.827926, 0.074716, 0.865636, -0.082078, -0.4939, -0.003378, -0.060373, 0.962161, -0.265709, 0.517262, 0.0, 0.0, 0.0, 1.0],
                [0.515071, 0.246117, 0.821053, 0.073328, 0.85496, -0.079134, -0.512621, -0.00313, -0.061191, 0.966004, -0.251181, 0.51858, 0.0, 0.0, 0.0, 1.0],
                [0.532008, 0.233082, 0.814027, 0.071779, 0.844499, -0.076175, -0.530112, -0.002874, -0.061551, 0.969469, -0.237363, 0.519802, 0.0, 0.0, 0.0, 1.0],
                [0.547553, 0.220905, 0.807085, 0.069805, 0.834528, -0.073589, -0.546029, -0.002606, -0.061229, 0.972515, -0.224645, 0.520953, 0.0, 0.0, 0.0, 1.0],
                [0.560183, 0.215002, 0.799981, 0.067076, 0.826073, -0.073146, -0.558796, -0.002448, -0.061627, 0.973871, -0.218583, 0.521954, 0.0, 0.0, 0.0, 1.0],
                [0.568851, 0.215294, 0.793762, 0.063347, 0.819998, -0.074132, -0.567546, -0.002516, -0.063347, 0.973731, -0.21871, 0.522683, 0.0, 0.0, 0.0, 1.0],
                [0.574193, 0.218487, 0.789028, 0.058754, 0.816023, -0.074567, -0.57319, -0.002746, -0.066399, 0.972987, -0.221106, 0.522968, 0.0, 0.0, 0.0, 1.0],
                [0.57719, 0.226877, 0.78446, 0.053572, 0.813606, -0.077458, -0.576233, -0.002982, -0.069971, 0.970838, -0.229297, 0.52283, 0.0, 0.0, 0.0, 1.0],
                [0.579454, 0.237708, 0.779569, 0.04824, 0.811738, -0.082768, -0.578127, -0.002861, -0.072902, 0.967804, -0.240917, 0.522449, 0.0, 0.0, 0.0, 1.0],
                [0.582455, 0.246077, 0.774721, 0.043123, 0.809364, -0.087234, -0.580792, -0.002067, -0.075338, 0.965317, -0.249975, 0.521846, 0.0, 0.0, 0.0, 1.0],
                [0.586952, 0.250084, 0.77003, 0.038112, 0.806056, -0.091333, -0.58475, -0.000679, -0.075907, 0.963907, -0.255189, 0.520939, 0.0, 0.0, 0.0, 1.0],
                [0.593282, 0.248855, 0.765564, 0.033041, 0.801663, -0.096213, -0.589982, 0.001081, -0.073163, 0.96375, -0.256579, 0.519653, 0.0, 0.0, 0.0, 1.0],
                [0.600626, 0.243906, 0.761418, 0.027977, 0.796624, -0.101435, -0.595904, 0.002809, -0.06811, 0.96448, -0.255226, 0.518047, 0.0, 0.0, 0.0, 1.0],
                [0.608028, 0.237395, 0.757592, 0.023024, 0.791459, -0.106248, -0.601917, 0.004172, -0.0624, 0.965585, -0.25249, 0.516222, 0.0, 0.0, 0.0, 1.0],
                [0.615278, 0.2304, 0.75389, 0.018201, 0.786279, -0.110753, -0.607864, 0.005299, -0.056556, 0.966773, -0.249302, 0.514317, 0.0, 0.0, 0.0, 1.0],
                [0.62241, 0.223535, 0.750092, 0.013506, 0.781044, -0.115245, -0.61375, 0.006394, -0.050751, 0.967859, -0.24632, 0.512441, 0.0, 0.0, 0.0, 1.0],
                [0.629687, 0.216643, 0.746029, 0.008938, 0.775555, -0.119901, -0.619789, 0.007497, -0.044823, 0.96886, -0.243519, 0.510555, 0.0, 0.0, 0.0, 1.0],
                [0.637301, 0.209574, 0.74157, 0.004542, 0.769649, -0.124951, -0.626121, 0.008642, -0.038559, 0.969776, -0.24093, 0.508625, 0.0, 0.0, 0.0, 1.0],
                [0.644998, 0.203007, 0.736726, 0.000544, 0.763519, -0.130981, -0.632363, 0.008835, -0.031877, 0.970377, -0.239482, 0.506786, 0.0, 0.0, 0.0, 1.0],
                [0.652557, 0.197658, 0.731506, -0.002967, 0.757329, -0.138361, -0.638207, 0.007109, -0.024935, 0.970457, -0.23998, 0.505195, 0.0, 0.0, 0.0, 1.0],
                [0.660273, 0.193577, 0.72565, -0.006635, 0.750795, -0.146169, -0.64416, 0.003274, -0.018627, 0.970135, -0.241848, 0.503925, 0.0, 0.0, 0.0, 1.0],
                [0.668334, 0.191024, 0.718915, -0.010646, 0.743742, -0.15428, -0.65042, -0.002556, -0.013332, 0.969385, -0.245183, 0.50305, 0.0, 0.0, 0.0, 1.0],
                [0.676036, 0.191682, 0.711501, -0.012648, 0.736838, -0.167059, -0.655104, -0.008604, -0.006709, 0.967134, -0.254177, 0.50272, 0.0, 0.0, 0.0, 1.0],
                [0.683238, 0.197122, 0.703085, -0.012518, 0.730188, -0.188848, -0.65663, -0.012947, 0.00334, 0.962018, -0.272964, 0.503192, 0.0, 0.0, 0.0, 1.0],
                [0.692537, 0.207327, 0.690947, -0.01161, 0.721217, -0.219478, -0.65702, -0.014735, 0.01543, 0.953333, -0.301525, 0.5051, 0.0, 0.0, 0.0, 1.0],
                [0.705533, 0.229219, 0.670583, -0.0077, 0.708406, -0.254307, -0.658399, -0.01388, 0.019616, 0.939567, -0.341802, 0.50937, 0.0, 0.0, 0.0, 1.0],
                [0.720179, 0.270537, 0.638868, -0.000855, 0.693767, -0.2881, -0.660065, -0.012251, 0.005486, 0.91859, -0.395173, 0.517681, 0.0, 0.0, 0.0, 1.0],
                [0.732693, 0.330672, 0.594825, 0.006743, 0.679983, -0.319732, -0.659844, -0.011759, -0.028007, 0.887934, -0.459117, 0.531183, 0.0, 0.0, 0.0, 1.0],
                [0.73933, 0.403158, 0.539309, 0.014793, 0.669176, -0.350961, -0.655004, -0.012493, -0.074793, 0.845157, -0.529259, 0.548153, 0.0, 0.0, 0.0, 1.0],
                [0.738677, 0.479414, 0.473834, 0.023421, 0.661888, -0.382901, -0.644431, -0.014038, -0.127518, 0.789651, -0.600158, 0.566444, 0.0, 0.0, 0.0, 1.0],
                [0.732846, 0.550869, 0.39935, 0.032568, 0.655557, -0.414538, -0.631192, -0.015767, -0.182158, 0.724363, -0.664919, 0.585102, 0.0, 0.0, 0.0, 1.0],
                [0.72606, 0.609422, 0.318499, 0.042183, 0.645756, -0.445126, -0.620373, -0.017075, -0.236297, 0.6561, -0.716726, 0.602975, 0.0, 0.0, 0.0, 1.0],
                [0.725939, 0.644902, 0.238985, 0.052414, 0.624977, -0.473518, -0.620632, -0.017652, -0.287083, 0.599901, -0.746794, 0.616947, 0.0, 0.0, 0.0, 1.0],
                [0.736691, 0.655029, 0.168, 0.063673, 0.589385, -0.500152, -0.634408, -0.017083, -0.33153, 0.56638, -0.754521, 0.624359, 0.0, 0.0, 0.0, 1.0],
                [0.758609, 0.643583, 0.101553, 0.077215, 0.536623, -0.528766, -0.657604, -0.014221, -0.369525, 0.55336, -0.746488, 0.626362, 0.0, 0.0, 0.0, 1.0],
                [0.805408, 0.590651, 0.049486, 0.094067, 0.447895, -0.551806, -0.703491, -0.007993, -0.388211, 0.588762, -0.708979, 0.622589, 0.0, 0.0, 0.0, 1.0],
                [0.871942, 0.489532, 0.008717, 0.113484, 0.317096, -0.551058, -0.771871, 0.001635, -0.373052, 0.675791, -0.635719, 0.61311, 0.0, 0.0, 0.0, 1.0],
                [0.93255, 0.358442, -0.04325, 0.134212, 0.159373, -0.516177, -0.841523, 0.014176, -0.323962, 0.777869, -0.538487, 0.600424, 0.0, 0.0, 0.0, 1.0],
                [0.969396, 0.216639, -0.115494, 0.154718, -0.007534, -0.443967, -0.896012, 0.028071, -0.245387, 0.86946, -0.428747, 0.585979, 0.0, 0.0, 0.0, 1.0],
                [0.974566, 0.085474, -0.207161, 0.173214, -0.166819, -0.340575, -0.9253, 0.041915, -0.149643, 0.936324, -0.317654, 0.570191, 0.0, 0.0, 0.0, 1.0],
                [0.950323, -0.016366, -0.310834, 0.187152, -0.30706, -0.212878, -0.927576, 0.055975, -0.050989, 0.976942, -0.207328, 0.550388, 0.0, 0.0, 0.0, 1.0],
                [0.904875, -0.077418, -0.418578, 0.194576, -0.42389, -0.073878, -0.902695, 0.070591, 0.038961, 0.994258, -0.099667, 0.525781, 0.0, 0.0, 0.0, 1.0],
                [0.846798, -0.107484, -0.520942, 0.196624, -0.517836, 0.057258, -0.853562, 0.084725, 0.121573, 0.992557, -0.007173, 0.506199, 0.0, 0.0, 0.0, 1.0],
                [0.780391, -0.113062, -0.614985, 0.194629, -0.592897, 0.178664, -0.785208, 0.097678, 0.198653, 0.977392, 0.072394, 0.495048, 0.0, 0.0, 0.0, 1.0],
                [0.678883, -0.044517, -0.732896, 0.181089, -0.672762, 0.36213, -0.645177, 0.111468, 0.294125, 0.931064, 0.215894, 0.459423, 0.0, 0.0, 0.0, 1.0],
                [0.522398, 0.186052, -0.832157, 0.147844, -0.740735, 0.582433, -0.334788, 0.1247, 0.422388, 0.7913, 0.442077, 0.38057, 0.0, 0.0, 0.0, 1.0],
                [0.395101, 0.358974, -0.845596, 0.099423, -0.768904, 0.632916, -0.09058, 0.119593, 0.502675, 0.68597, 0.526082, 0.332645, 0.0, 0.0, 0.0, 1.0],
                [0.313987, 0.196937, -0.928778, 0.045164, -0.836387, 0.520314, -0.172426, 0.079942, 0.449299, 0.830957, 0.328087, 0.34351, 0.0, 0.0, 0.0, 1.0],
                [0.283578, -0.023137, -0.95867, 0.000938, -0.894126, 0.354938, -0.273052, 0.032269, 0.346586, 0.934604, 0.079965, 0.361691, 0.0, 0.0, 0.0, 1.0],
                [0.279141, -0.047588, -0.95907, -0.021051, -0.91234, 0.298399, -0.280346, 0.003794, 0.299527, 0.953254, 0.039879, 0.370564, 0.0, 0.0, 0.0, 1.0],
                [0.278311, -0.024919, -0.960168, -0.029809, -0.92244, 0.271654, -0.274425, -0.013689, 0.267671, 0.962072, 0.052618, 0.373508, 0.0, 0.0, 0.0, 1.0],
                [0.277204, 0.011526, -0.960742, -0.037076, -0.929472, 0.256519, -0.265104, -0.028848, 0.243392, 0.966471, 0.081821, 0.377247, 0.0, 0.0, 0.0, 1.0],
                [0.271448, 0.047925, -0.961259, -0.044331, -0.935496, 0.247862, -0.251815, -0.041366, 0.226191, 0.967609, 0.112115, 0.381878, 0.0, 0.0, 0.0, 1.0],
                [0.257963, 0.072465, -0.963433, -0.050729, -0.942744, 0.237067, -0.234592, -0.05012, 0.211399, 0.968787, 0.129471, 0.386183, 0.0, 0.0, 0.0, 1.0],
                [0.239143, 0.09212, -0.966605, -0.056411, -0.950365, 0.226268, -0.213562, -0.055658, 0.199039, 0.969699, 0.141658, 0.390316, 0.0, 0.0, 0.0, 1.0],
                [0.218178, 0.115861, -0.969007, -0.061667, -0.957237, 0.218707, -0.189378, -0.05795, 0.189987, 0.968888, 0.158623, 0.394615, 0.0, 0.0, 0.0, 1.0],
                [0.196721, 0.141349, -0.970217, -0.066424, -0.963242, 0.212496, -0.164349, -0.057088, 0.182937, 0.966885, 0.177956, 0.398792, 0.0, 0.0, 0.0, 1.0],
                [0.175944, 0.164343, -0.970585, -0.070551, -0.968494, 0.205424, -0.140782, -0.054657, 0.176245, 0.964776, 0.195308, 0.402494, 0.0, 0.0, 0.0, 1.0],
                [0.156479, 0.184546, -0.970287, -0.074076, -0.972931, 0.197946, -0.119257, -0.052327, 0.170056, 0.962684, 0.210525, 0.405743, 0.0, 0.0, 0.0, 1.0],
                [0.138796, 0.202199, -0.969459, -0.077026, -0.976551, 0.190622, -0.100054, -0.050323, 0.164569, 0.960614, 0.223915, 0.408597, 0.0, 0.0, 0.0, 1.0],
                [0.123176, 0.215628, -0.968676, -0.079301, -0.979698, 0.182003, -0.084063, -0.048739, 0.158175, 0.959364, 0.233668, 0.410892, 0.0, 0.0, 0.0, 1.0],
                [0.109988, 0.22519, -0.968087, -0.080833, -0.982372, 0.172755, -0.071426, -0.047592, 0.151157, 0.958877, 0.240221, 0.412474, 0.0, 0.0, 0.0, 1.0],
                [0.098571, 0.232815, -0.967513, -0.081847, -0.984549, 0.164219, -0.06079, -0.046724, 0.144731, 0.958556, 0.245405, 0.413441, 0.0, 0.0, 0.0, 1.0],
                [0.087846, 0.238628, -0.96713, -0.082552, -0.986482, 0.155668, -0.051195, -0.045969, 0.138335, 0.958553, 0.249077, 0.413943, 0.0, 0.0, 0.0, 1.0],
                [0.077897, 0.242628, -0.966987, -0.082832, -0.988188, 0.147182, -0.042675, -0.04529, 0.131969, 0.958889, 0.251228, 0.414089, 0.0, 0.0, 0.0, 1.0],
                [0.069047, 0.244902, -0.967086, -0.082603, -0.989662, 0.138961, -0.035468, -0.044677, 0.125701, 0.959538, 0.251965, 0.413932, 0.0, 0.0, 0.0, 1.0],
                [0.061401, 0.245967, -0.967331, -0.082104, -0.990959, 0.130851, -0.029629, -0.04409, 0.119289, 0.960405, 0.251778, 0.413624, 0.0, 0.0, 0.0, 1.0],
                [0.054946, 0.246349, -0.967622, -0.081568, -0.99213, 0.122672, -0.025107, -0.043477, 0.112515, 0.961386, 0.25115, 0.413359, 0.0, 0.0, 0.0, 1.0],
                [0.049423, 0.246195, -0.967959, -0.081021, -0.993187, 0.114514, -0.021585, -0.042762, 0.105531, 0.962432, 0.250177, 0.41312, 0.0, 0.0, 0.0, 1.0],
                [0.044452, 0.245614, -0.968348, -0.080441, -0.994143, 0.106453, -0.018636, -0.041893, 0.098506, 0.963505, 0.248907, 0.412849, 0.0, 0.0, 0.0, 1.0],
                [0.039422, 0.244946, -0.968735, -0.079831, -0.99504, 0.098236, -0.015653, -0.040923, 0.091331, 0.964547, 0.247604, 0.412548, 0.0, 0.0, 0.0, 1.0],
                [0.033717, 0.244519, -0.969058, -0.079193, -0.995907, 0.089577, -0.012048, -0.039935, 0.08386, 0.965498, 0.246539, 0.412229, 0.0, 0.0, 0.0, 1.0],
                [0.026973, 0.24442, -0.969294, -0.078533, -0.996735, 0.080391, -0.007465, -0.039025, 0.076098, 0.966331, 0.245791, 0.411892, 0.0, 0.0, 0.0, 1.0],
                [0.019, 0.244641, -0.969428, -0.077853, -0.997497, 0.070692, -0.00171, -0.038263, 0.068112, 0.967033, 0.245371, 0.411534, 0.0, 0.0, 0.0, 1.0],
                [0.010051, 0.245056, -0.969457, -0.077151, -0.998144, 0.060688, 0.004992, -0.037603, 0.060058, 0.967608, 0.245211, 0.41116, 0.0, 0.0, 0.0, 1.0],
                [0.000529, 0.245515, -0.969393, -0.076426, -0.998644, 0.050595, 0.01227, -0.036982, 0.052059, 0.968071, 0.245209, 0.410776, 0.0, 0.0, 0.0, 1.0],
                [-0.009032, 0.245845, -0.969267, -0.075683, -0.99899, 0.040451, 0.019569, -0.03637, 0.044019, 0.968465, 0.245231, 0.410381, 0.0, 0.0, 0.0, 1.0],
                [-0.018137, 0.245881, -0.96913, -0.074926, -0.999194, 0.030263, 0.026378, -0.035744, 0.035814, 0.968827, 0.245134, 0.409977, 0.0, 0.0, 0.0, 1.0],
                [-0.0266, 0.245481, -0.969037, -0.074142, -0.99927, 0.020072, 0.032514, -0.035065, 0.027432, 0.969194, 0.244767, 0.409573, 0.0, 0.0, 0.0, 1.0],
                [-0.034178, 0.244498, -0.969048, -0.073312, -0.999237, 0.010001, 0.037766, -0.034296, 0.018925, 0.969598, 0.243969, 0.409177, 0.0, 0.0, 0.0, 1.0],
                [-0.040105, 0.242759, -0.969257, -0.072412, -0.99914, 0.000447, 0.041454, -0.033401, 0.010497, 0.970087, 0.242532, 0.408779, 0.0, 0.0, 0.0, 1.0],
                [-0.043736, 0.240163, -0.969747, -0.071417, -0.99904, -0.008267, 0.04301, -0.032349, 0.002312, 0.970697, 0.240294, 0.408388, 0.0, 0.0, 0.0, 1.0],
                [-0.045451, 0.236864, -0.970479, -0.070306, -0.99895, -0.016417, 0.042778, -0.031113, -0.0058, 0.971404, 0.237361, 0.408108, 0.0, 0.0, 0.0, 1.0],
                [-0.043905, 0.232862, -0.971518, -0.069053, -0.998936, -0.023976, 0.039398, -0.02966, -0.014119, 0.972214, 0.233666, 0.408001, 0.0, 0.0, 0.0, 1.0],
                [-0.038381, 0.227566, -0.973006, -0.067621, -0.999021, -0.030162, 0.032353, -0.027929, -0.021985, 0.973295, 0.228501, 0.407986, 0.0, 0.0, 0.0, 1.0],
                [-0.030177, 0.221253, -0.97475, -0.065979, -0.999113, -0.035324, 0.022913, -0.025875, -0.029363, 0.974577, 0.222122, 0.408105, 0.0, 0.0, 0.0, 1.0],
                [-0.01896, 0.21429, -0.976586, -0.064131, -0.999146, -0.039933, 0.010636, -0.023545, -0.036719, 0.975953, 0.214864, 0.408382, 0.0, 0.0, 0.0, 1.0],
                [-0.003223, 0.20591, -0.978566, -0.062066, -0.999046, -0.043276, -0.005816, -0.020935, -0.043546, 0.977613, 0.205853, 0.408791, 0.0, 0.0, 0.0, 1.0],
                [0.021042, 0.195081, -0.980561, -0.059676, -0.998554, -0.044433, -0.030268, -0.017738, -0.049474, 0.97978, 0.193864, 0.409687, 0.0, 0.0, 0.0, 1.0],
                [0.057865, 0.180724, -0.98183, -0.056834, -0.996862, -0.042761, -0.066622, -0.013618, -0.054025, 0.982604, 0.177682, 0.411397, 0.0, 0.0, 0.0, 1.0],
                [0.108962, 0.16142, -0.980852, -0.053446, -0.992465, -0.037962, -0.116499, -0.00842, -0.05604, 0.986155, 0.156067, 0.413761, 0.0, 0.0, 0.0, 1.0],
                [0.174283, 0.136135, -0.97524, -0.04947, -0.983199, -0.03052, -0.179966, -0.002112, -0.054264, 0.99022, 0.128529, 0.416544, 0.0, 0.0, 0.0, 1.0],
                [0.249578, 0.106383, -0.962494, -0.045061, -0.967124, -0.022713, -0.253289, 0.005033, -0.048806, 0.994066, 0.097217, 0.419712, 0.0, 0.0, 0.0, 1.0],
                [0.329614, 0.074186, -0.941197, -0.04042, -0.94326, -0.01657, -0.331642, 0.012693, -0.040199, 0.997107, 0.064515, 0.42324, 0.0, 0.0, 0.0, 1.0],
                [0.409436, 0.040047, -0.91146, -0.035759, -0.911913, -0.012551, -0.410191, 0.020652, -0.027867, 0.999119, 0.03138, 0.426945, 0.0, 0.0, 0.0, 1.0],
                [0.485411, 0.004249, -0.874276, -0.031178, -0.874211, -0.010721, -0.485427, 0.028728, -0.011436, 0.999933, -0.001489, 0.430654, 0.0, 0.0, 0.0, 1.0],
                [0.558028, -0.032202, -0.829197, -0.026328, -0.82978, -0.011654, -0.557968, 0.036784, 0.008304, 0.999413, -0.033224, 0.434391, 0.0, 0.0, 0.0, 1.0],
                [0.62468, -0.066708, -0.778026, -0.0211, -0.780342, -0.016321, -0.62514, 0.044586, 0.029004, 0.997639, -0.06225, 0.43822, 0.0, 0.0, 0.0, 1.0],
                [0.669357, -0.091436, -0.737293, -0.016811, -0.741733, -0.025673, -0.670204, 0.051483, 0.042352, 0.99548, -0.085005, 0.442173, 0.0, 0.0, 0.0, 1.0],
                [0.685728, -0.103559, -0.720453, -0.014596, -0.726547, -0.038005, -0.686065, 0.057081, 0.043667, 0.993897, -0.101301, 0.446353, 0.0, 0.0, 0.0, 1.0],
                [0.688219, -0.110614, -0.717021, -0.013439, -0.724483, -0.052404, -0.687298, 0.062443, 0.03845, 0.992481, -0.116203, 0.451176, 0.0, 0.0, 0.0, 1.0],
                [0.685607, -0.116145, -0.718647, -0.012098, -0.727403, -0.070292, -0.682601, 0.068642, 0.028765, 0.990742, -0.132677, 0.456933, 0.0, 0.0, 0.0, 1.0],
                [0.679709, -0.121103, -0.723415, -0.010582, -0.733304, -0.090477, -0.673854, 0.07535, 0.016153, 0.988508, -0.150303, 0.4631, 0.0, 0.0, 0.0, 1.0],
                [0.673503, -0.127373, -0.728128, -0.009142, -0.739174, -0.110767, -0.664344, 0.082027, 0.003967, 0.98565, -0.168753, 0.469107, 0.0, 0.0, 0.0, 1.0],
                [0.667093, -0.134229, -0.732782, -0.007759, -0.744929, -0.131039, -0.654148, 0.088694, -0.008218, 0.982248, -0.187406, 0.47501, 0.0, 0.0, 0.0, 1.0],
                [0.660017, -0.140674, -0.737963, -0.00636, -0.750945, -0.151573, -0.642734, 0.095465, -0.021439, 0.978385, -0.205679, 0.480971, 0.0, 0.0, 0.0, 1.0],
                [0.652594, -0.147006, -0.743311, -0.004955, -0.756886, -0.172146, -0.630467, 0.102271, -0.035276, 0.97404, -0.223609, 0.486958, 0.0, 0.0, 0.0, 1.0],
                [0.645286, -0.153652, -0.74833, -0.003564, -0.762363, -0.19245, -0.617871, 0.109021, -0.049079, 0.969203, -0.241324, 0.492912, 0.0, 0.0, 0.0, 1.0],
                [0.638242, -0.160411, -0.752938, -0.002187, -0.76727, -0.212344, -0.605151, 0.115716, -0.062809, 0.963939, -0.258605, 0.498875, 0.0, 0.0, 0.0, 1.0],
                [0.631591, -0.166965, -0.75711, -0.000811, -0.771519, -0.231708, -0.592512, 0.122364, -0.0765, 0.95835, -0.275161, 0.504884, 0.0, 0.0, 0.0, 1.0],
                [0.625715, -0.173126, -0.760597, 0.000579, -0.774855, -0.250305, -0.580471, 0.128917, -0.089887, 0.952562, -0.290768, 0.510868, 0.0, 0.0, 0.0, 1.0],
                [0.621051, -0.17865, -0.763138, 0.001982, -0.777022, -0.267836, -0.56965, 0.135313, -0.102628, 0.946757, -0.305155, 0.516742, 0.0, 0.0, 0.0, 1.0],
                [0.61797, -0.182977, -0.764612, 0.003323, -0.777827, -0.283861, -0.560721, 0.141506, -0.114444, 0.941245, -0.317742, 0.522465, 0.0, 0.0, 0.0, 1.0],
                [0.616668, -0.185779, -0.764988, 0.004584, -0.777199, -0.298261, -0.554078, 0.147466, -0.125229, 0.93623, -0.328315, 0.528045, 0.0, 0.0, 0.0, 1.0],
                [0.616764, -0.18796, -0.764378, 0.00604, -0.7754, -0.312226, -0.548881, 0.153204, -0.135491, 0.931228, -0.338313, 0.533627, 0.0, 0.0, 0.0, 1.0],
                [0.618395, -0.189788, -0.762606, 0.007933, -0.772353, -0.325969, -0.545175, 0.158704, -0.145118, 0.926134, -0.348161, 0.539307, 0.0, 0.0, 0.0, 1.0],
                [0.622836, -0.18786, -0.759463, 0.010073, -0.767606, -0.334326, -0.546815, 0.163786, -0.151183, 0.923545, -0.352433, 0.544857, 0.0, 0.0, 0.0, 1.0],
                [0.633192, -0.180746, -0.752595, 0.012242, -0.758634, -0.337687, -0.557173, 0.168252, -0.153435, 0.923742, -0.35094, 0.550042, 0.0, 0.0, 0.0, 1.0],
                [0.65063, -0.168622, -0.740437, 0.014529, -0.743541, -0.339652, -0.576007, 0.172, -0.154364, 0.925312, -0.346365, 0.554935, 0.0, 0.0, 0.0, 1.0],
                [0.673178, -0.149459, -0.724219, 0.017065, -0.723444, -0.335959, -0.603125, 0.174977, -0.153166, 0.929943, -0.334285, 0.559621, 0.0, 0.0, 0.0, 1.0],
                [0.699118, -0.126289, -0.703765, 0.019828, -0.699377, -0.32546, -0.636355, 0.177256, -0.148683, 0.937084, -0.315858, 0.563923, 0.0, 0.0, 0.0, 1.0],
                [0.726911, -0.103973, -0.678815, 0.022797, -0.672047, -0.311025, -0.672024, 0.178917, -0.141256, 0.944697, -0.295962, 0.567696, 0.0, 0.0, 0.0, 1.0],
                [0.75444, -0.083686, -0.651012, 0.02608, -0.642831, -0.294608, -0.707088, 0.179967, -0.13262, 0.951947, -0.27606, 0.571186, 0.0, 0.0, 0.0, 1.0],
                [0.780138, -0.065532, -0.622165, 0.029786, -0.613144, -0.277612, -0.739585, 0.180438, -0.124254, 0.958456, -0.256756, 0.574665, 0.0, 0.0, 0.0, 1.0],
                [0.804402, -0.049706, -0.592002, 0.033877, -0.582736, -0.259868, -0.769992, 0.180539, -0.115569, 0.964364, -0.238004, 0.578121, 0.0, 0.0, 0.0, 1.0],
                [0.827917, -0.036281, -0.559676, 0.038368, -0.550786, -0.240795, -0.799157, 0.180073, -0.105773, 0.969898, -0.219342, 0.581488, 0.0, 0.0, 0.0, 1.0],
                [0.851031, -0.024407, -0.524548, 0.043602, -0.51643, -0.219831, -0.827632, 0.178877, -0.095112, 0.975232, -0.199688, 0.584766, 0.0, 0.0, 0.0, 1.0],
                [0.873725, -0.013753, -0.486225, 0.049802, -0.479152, -0.196488, -0.855457, 0.177211, -0.083772, 0.98041, -0.178266, 0.587958, 0.0, 0.0, 0.0, 1.0],
                [0.895158, -0.004795, -0.445723, 0.056361, -0.439862, -0.171481, -0.881542, 0.175179, -0.072206, 0.985176, -0.155611, 0.591022, 0.0, 0.0, 0.0, 1.0],
                [0.914578, 0.002425, -0.404403, 0.062648, -0.399751, -0.145935, -0.904932, 0.172847, -0.061211, 0.989291, -0.132499, 0.593915, 0.0, 0.0, 0.0, 1.0],
                [0.931805, 0.007963, -0.362871, 0.068738, -0.359336, -0.120639, -0.925377, 0.170309, -0.051145, 0.992665, -0.109551, 0.596645, 0.0, 0.0, 0.0, 1.0],
                [0.946704, 0.011896, -0.321886, 0.074744, -0.319326, -0.096328, -0.942736, 0.167675, -0.042222, 0.995279, -0.087395, 0.599223, 0.0, 0.0, 0.0, 1.0],
                [0.958826, 0.014234, -0.283637, 0.080217, -0.281882, -0.073862, -0.956602, 0.165108, -0.034566, 0.997167, -0.066809, 0.60162, 0.0, 0.0, 0.0, 1.0],
                [0.968002, 0.015007, -0.250495, 0.084436, -0.24935, -0.054796, -0.966862, 0.162737, -0.028236, 0.998385, -0.0493, 0.603816, 0.0, 0.0, 0.0, 1.0],
                [0.974515, 0.01408, -0.223881, 0.08615, -0.223099, -0.043297, -0.973834, 0.160509, -0.023405, 0.998963, -0.039052, 0.605869, 0.0, 0.0, 0.0, 1.0],
                [0.978722, 0.011806, -0.204849, 0.085547, -0.204246, -0.039569, -0.97812, 0.158326, -0.019653, 0.999147, -0.036315, 0.607769, 0.0, 0.0, 0.0, 1.0],
                [0.98094, 0.008695, -0.194118, 0.083508, -0.193649, -0.03871, -0.980307, 0.156101, -0.016038, 0.999213, -0.036288, 0.60915, 0.0, 0.0, 0.0, 1.0],
                [0.981704, 0.004274, -0.190367, 0.079886, -0.190002, -0.043819, -0.980805, 0.153781, -0.012534, 0.99903, -0.042205, 0.609735, 0.0, 0.0, 0.0, 1.0],
                [0.981839, -0.001519, -0.189709, 0.075309, -0.189506, -0.054827, -0.980348, 0.151456, -0.008912, 0.998495, -0.054119, 0.609966, 0.0, 0.0, 0.0, 1.0],
                [0.981461, -0.008052, -0.191493, 0.070533, -0.191605, -0.065598, -0.979277, 0.149248, -0.004677, 0.997814, -0.065925, 0.610331, 0.0, 0.0, 0.0, 1.0],
                [0.980689, -0.014482, -0.195037, 0.066038, -0.195573, -0.07578, -0.977757, 0.14727, -0.00062, 0.997019, -0.077149, 0.61079, 0.0, 0.0, 0.0, 1.0],
                [0.980084, -0.019824, -0.197593, 0.062231, -0.19857, -0.085613, -0.97634, 0.145614, 0.002438, 0.996131, -0.087844, 0.611209, 0.0, 0.0, 0.0, 1.0],
                [0.979845, -0.023191, -0.198406, 0.059502, -0.199709, -0.09186, -0.97554, 0.144315, 0.004398, 0.995502, -0.09464, 0.611614, 0.0, 0.0, 0.0, 1.0],
                [0.979969, -0.024365, -0.197654, 0.058063, -0.19908, -0.093465, -0.975516, 0.143372, 0.005295, 0.995324, -0.096443, 0.612044, 0.0, 0.0, 0.0, 1.0],
                [0.980261, -0.024856, -0.196139, 0.057424, -0.197622, -0.093912, -0.97577, 0.142701, 0.005834, 0.99527, -0.09697, 0.612438, 0.0, 0.0, 0.0, 1.0],
                [0.980544, -0.025868, -0.194585, 0.057048, -0.196182, -0.095132, -0.975942, 0.142212, 0.006735, 0.995129, -0.098356, 0.612726, 0.0, 0.0, 0.0, 1.0],
                [0.98067, -0.026517, -0.193863, 0.056902, -0.195533, -0.095967, -0.97599, 0.141874, 0.007276, 0.995031, -0.099297, 0.612896, 0.0, 0.0, 0.0, 1.0],
                [0.980636, -0.026147, -0.194085, 0.057108, -0.195713, -0.095488, -0.976001, 0.141671, 0.006987, 0.995087, -0.098757, 0.612964, 0.0, 0.0, 0.0, 1.0],
                [0.980588, -0.025453, -0.19442, 0.057502, -0.195973, -0.09459, -0.976037, 0.141603, 0.006453, 0.995191, -0.097741, 0.612988, 0.0, 0.0, 0.0, 1.0],
                [0.980574, -0.02491, -0.194562, 0.057825, -0.196057, -0.093882, -0.976088, 0.141609, 0.006049, 0.995272, -0.096942, 0.613025, 0.0, 0.0, 0.0, 1.0],
                [0.980505, -0.024395, -0.194976, 0.058095, -0.196416, -0.09322, -0.976079, 0.141631, 0.005636, 0.995347, -0.096194, 0.613071, 0.0, 0.0, 0.0, 1.0],
                [0.980203, -0.023725, -0.19657, 0.058385, -0.197934, -0.092351, -0.975855, 0.141672, 0.004999, 0.995444, -0.095219, 0.613111, 0.0, 0.0, 0.0, 1.0],
                [0.979745, -0.022975, -0.198927, 0.058687, -0.200205, -0.091376, -0.975484, 0.14172, 0.004235, 0.995551, -0.094125, 0.613148, 0.0, 0.0, 0.0, 1.0],
                [0.979339, -0.022242, -0.201, 0.05898, -0.202196, -0.090447, -0.975159, 0.141763, 0.003509, 0.995653, -0.093075, 0.613188, 0.0, 0.0, 0.0, 1.0],
                [0.978975, -0.021559, -0.202838, 0.059266, -0.203961, -0.089551, -0.974875, 0.141819, 0.002853, 0.995749, -0.092065, 0.613232, 0.0, 0.0, 0.0, 1.0],
                [0.978596, -0.020909, -0.204725, 0.059554, -0.205777, -0.088643, -0.974576, 0.141908, 0.00223, 0.995844, -0.091048, 0.613278, 0.0, 0.0, 0.0, 1.0],
                [0.978183, -0.020125, -0.206767, 0.05984, -0.207739, -0.087718, -0.974243, 0.142026, 0.00147, 0.995942, -0.089985, 0.613323, 0.0, 0.0, 0.0, 1.0],
                [0.977725, -0.019041, -0.209024, 0.060123, -0.209889, -0.086778, -0.973867, 0.142163, 0.000404, 0.996046, -0.088841, 0.613366, 0.0, 0.0, 0.0, 1.0],
                [0.977214, -0.017617, -0.211523, 0.060402, -0.212253, -0.08582, -0.973439, 0.142318, -0.001004, 0.996155, -0.087604, 0.613407, 0.0, 0.0, 0.0, 1.0],
                [0.976648, -0.015886, -0.214257, 0.060678, -0.214828, -0.084845, -0.97296, 0.142489, -0.002722, 0.996268, -0.086276, 0.613448, 0.0, 0.0, 0.0, 1.0],
                [0.976048, -0.014027, -0.217101, 0.06095, -0.217505, -0.083866, -0.972449, 0.142673, -0.004567, 0.996378, -0.084909, 0.613491, 0.0, 0.0, 0.0, 1.0],
                [0.97544, -0.012206, -0.219925, 0.06122, -0.220172, -0.082896, -0.971932, 0.142868, -0.006368, 0.996483, -0.083548, 0.613537, 0.0, 0.0, 0.0, 1.0],
                [0.974832, -0.010402, -0.222698, 0.061485, -0.222792, -0.081918, -0.971418, 0.143071, -0.008139, 0.996585, -0.082174, 0.613583, 0.0, 0.0, 0.0, 1.0],
                [0.974221, -0.008572, -0.225434, 0.061746, -0.225379, -0.080929, -0.970904, 0.143277, -0.009921, 0.996683, -0.080774, 0.613626, 0.0, 0.0, 0.0, 1.0],
                [0.97358, -0.006789, -0.228247, 0.061999, -0.228049, -0.080004, -0.970357, 0.143486, -0.011673, 0.996771, -0.079439, 0.613667, 0.0, 0.0, 0.0, 1.0],
                [0.972882, -0.005137, -0.231244, 0.062246, -0.230916, -0.079223, -0.969743, 0.143694, -0.013338, 0.996844, -0.078261, 0.613709, 0.0, 0.0, 0.0, 1.0],
                [0.972128, -0.003642, -0.234423, 0.062492, -0.233978, -0.078593, -0.96906, 0.143898, -0.014895, 0.9969, -0.077254, 0.61375, 0.0, 0.0, 0.0, 1.0],
                [0.971323, -0.00229, -0.237752, 0.062739, -0.237201, -0.078095, -0.968317, 0.144094, -0.016349, 0.996943, -0.076399, 0.61379, 0.0, 0.0, 0.0, 1.0],
                [0.970478, -0.000978, -0.241188, 0.062959, -0.240533, -0.077687, -0.967527, 0.144282, -0.017791, 0.996977, -0.075629, 0.613834, 0.0, 0.0, 0.0, 1.0],
                [0.96961, 0.000382, -0.244657, 0.063121, -0.243897, -0.077302, -0.966716, 0.144459, -0.019282, 0.997008, -0.074859, 0.613883, 0.0, 0.0, 0.0, 1.0],
                [0.968765, 0.001711, -0.247976, 0.063184, -0.247117, -0.07679, -0.965938, 0.144623, -0.020695, 0.997046, -0.073969, 0.613918, 0.0, 0.0, 0.0, 1.0],
                [0.967953, 0.002965, -0.251112, 0.063172, -0.250166, -0.076133, -0.965205, 0.14477, -0.02198, 0.997093, -0.072952, 0.613934, 0.0, 0.0, 0.0, 1.0],
                [0.966997, 0.004406, -0.254748, 0.063088, -0.253692, -0.075913, -0.964302, 0.144894, -0.023587, 0.997105, -0.07229, 0.61401, 0.0, 0.0, 0.0, 1.0],
                [0.965692, 0.006364, -0.259611, 0.062685, -0.258386, -0.076493, -0.963008, 0.144991, -0.025987, 0.99705, -0.072224, 0.614259, 0.0, 0.0, 0.0, 1.0],
                [0.963961, 0.008978, -0.265893, 0.061866, -0.264416, -0.078088, -0.961242, 0.14506, -0.029393, 0.996906, -0.072899, 0.614613, 0.0, 0.0, 0.0, 1.0],
                [0.961794, 0.012209, -0.273503, 0.060794, -0.271675, -0.080965, -0.958977, 0.145103, -0.033852, 0.996642, -0.074555, 0.614932, 0.0, 0.0, 0.0, 1.0],
                [0.959355, 0.015705, -0.281766, 0.059639, -0.279523, -0.084415, -0.956421, 0.145127, -0.038806, 0.996307, -0.076594, 0.615223, 0.0, 0.0, 0.0, 1.0],
                [0.956859, 0.019108, -0.289923, 0.058543, -0.287255, -0.087678, -0.953833, 0.145136, -0.043646, 0.995966, -0.078407, 0.615519, 0.0, 0.0, 0.0, 1.0],
                [0.954468, 0.022281, -0.29748, 0.057513, -0.294392, -0.090803, -0.951361, 0.145138, -0.048209, 0.99562, -0.080109, 0.615826, 0.0, 0.0, 0.0, 1.0],
                [0.952355, 0.02515, -0.303953, 0.056523, -0.300456, -0.093869, -0.949165, 0.145137, -0.052404, 0.995267, -0.081841, 0.616136, 0.0, 0.0, 0.0, 1.0],
                [0.950785, 0.027693, -0.308612, 0.05553, -0.304758, -0.096282, -0.947551, 0.145136, -0.055955, 0.994969, -0.083104, 0.616428, 0.0, 0.0, 0.0, 1.0],
                [0.949962, 0.029764, -0.310944, 0.054559, -0.30684, -0.097486, -0.946755, 0.145142, -0.058492, 0.994792, -0.083476, 0.6167, 0.0, 0.0, 0.0, 1.0],
                [0.949742, 0.030646, -0.311531, 0.053919, -0.307334, -0.097775, -0.946565, 0.145165, -0.059469, 0.994737, -0.083442, 0.617039, 0.0, 0.0, 0.0, 1.0],
                [0.951157, 0.029178, -0.307324, 0.053716, -0.303362, -0.096094, -0.948018, 0.145203, -0.057194, 0.994945, -0.082549, 0.617473, 0.0, 0.0, 0.0, 1.0],
                [0.952552, 0.027703, -0.303113, 0.053687, -0.29938, -0.094419, -0.949451, 0.145225, -0.054922, 0.995147, -0.081645, 0.617702, 0.0, 0.0, 0.0, 1.0],
