{
    "animation": [
        {
            "name": "Root",
            "time": [0.0, 0.0167, 0.0333, 0.05, 0.0667, 0.0833, 0.1, 0.1167, 0.1333, 0.15, 0.1667, 0.1833, 0.2, 0.2167, 0.2333, 0.25, 0.2667, 0.2833, 0.3, 0.3167, 0.3333, 0.35, 0.3667, 0.3833, 0.4, 0.4167, 0.4333, 0.45, 0.4667, 0.4833, 0.5, 0.5167, 0.5333, 0.55, 0.5667, 0.5833, 0.6, 0.6167, 0.6333, 0.65, 0.6667, 0.6833, 0.7, 0.7167, 0.7333, 0.75, 0.7667, 0.7833, 0.8, 0.8167, 0.8333, 0.85, 0.8667, 0.8833, 0.9, 0.9167, 0.9333, 0.95, 0.9667, 0.9833, 1.0, 1.0167, 1.0333, 1.05, 1.0667, 1.0833, 1.1, 1.1167, 1.1333, 1.15, 1.1667, 1.1833, 1.2, 1.2167, 1.2333, 1.25, 1.2667, 1.2833, 1.3, 1.3167, 1.3333, 1.35, 1.3667, 1.3833, 1.4, 1.4167, 1.4333, 1.45, 1.4667, 1.4833, 1.5, 1.5167, 1.5333, 1.55, 1.5667, 1.5833, 1.6, 1.6167, 1.6333, 1.65, 1.6667, 1.6833, 1.7, 1.7167, 1.7333, 1.75, 1.7667, 1.7833, 1.8, 1.8167, 1.8333, 1.85, 1.8667, 1.8833, 1.9, 1.9167, 1.9333, 1.95, 1.9667, 1.9833, 2.0, 2.0167, 2.0333, 2.05, 2.0667, 2.0833, 2.1, 2.1167, 2.1333, 2.15, 2.1667, 2.1833, 2.2, 2.2167, 2.2333, 2.25, 2.2667, 2.2833, 2.3, 2.3167, 2.3333, 2.35, 2.3667, 2.3833, 2.4, 2.4167, 2.4333, 2.45, 2.4667, 2.4833, 2.5, 2.5167, 2.5333, 2.55, 2.5667, 2.5833, 2.6, 2.6167, 2.6333, 2.65, 2.6667, 2.6833, 2.7, 2.7167, 2.7333, 2.75, 2.7667, 2.7833, 2.8, 2.8167, 2.8333, 2.85, 2.8667, 2.8833, 2.9, 2.9167, 2.9333, 2.95, 2.9667, 2.9833, 3.0, 3.0167, 3.0333, 3.05, 3.0667, 3.0833, 3.1, 3.1167, 3.1333, 3.15, 3.1667, 3.1833, 3.2, 3.2167, 3.2333, 3.25, 3.2667, 3.2833, 3.3, 3.3167, 3.3333, 3.35, 3.3667, 3.3833, 3.4, 3.4167, 3.4333, 3.45, 3.4667, 3.4833, 3.5, 3.5167, 3.5333, 3.55, 3.5667, 3.5833, 3.6, 3.6167, 3.6333, 3.65, 3.6667, 3.6833, 3.7, 3.7167, 3.7333, 3.75, 3.7667, 3.7833, 3.8, 3.8167, 3.8333, 3.85, 3.8667, 3.8833, 3.9, 3.9167, 3.9333, 3.95, 3.9667, 3.9833, 4.0, 4.0167, 4.0333, 4.05, 4.0667, 4.0833, 4.1, 4.1167, 4.1333, 4.15, 4.1667],
            "transform": [
                [0.991939, 0.044854, -0.118512, 9.2e-05, -0.116639, -0.042298, -0.992273, 0.063857, -0.04952, 0.998098, -0.036725, 0.739193, 0.0, 0.0, 0.0, 1.0],
                [0.991939, 0.044854, -0.118512, 9.2e-05, -0.116639, -0.042298, -0.992273, 0.063857, -0.04952, 0.998098, -0.036725, 0.739193, 0.0, 0.0, 0.0, 1.0],
                [0.991939, 0.044854, -0.118512, 9.2e-05, -0.116639, -0.042298, -0.992273, 0.063857, -0.04952, 0.998098, -0.036725, 0.739193, 0.0, 0.0, 0.0, 1.0],
                [0.998777, 0.046203, -0.017599, 0.001654, -0.015244, -0.050839, -0.99859, 0.058289, -0.047032, 0.997638, -0.050072, 0.732123, 0.0, 0.0, 0.0, 1.0],
                [0.982809, 0.051458, 0.177311, 0.004555, 0.180633, -0.069296, -0.981106, 0.047476, -0.038199, 0.996268, -0.0774, 0.718365, 0.0, 0.0, 0.0, 1.0],
                [0.94094, 0.059194, 0.333357, 0.006731, 0.337541, -0.087209, -0.937262, 0.038456, -0.026409, 0.99443, -0.102039, 0.706854, 0.0, 0.0, 0.0, 1.0],
                [0.888604, 0.065735, 0.45394, 0.008582, 0.458406, -0.093438, -0.883817, 0.031067, -0.015682, 0.993453, -0.113163, 0.697544, 0.0, 0.0, 0.0, 1.0],
                [0.824151, 0.069252, 0.56212, 0.010669, 0.566328, -0.08869, -0.819394, 0.023788, -0.00689, 0.993649, -0.112313, 0.688745, 0.0, 0.0, 0.0, 1.0],
                [0.756358, 0.069294, 0.650477, 0.011743, 0.654156, -0.077763, -0.752352, 0.01687, -0.00155, 0.994561, -0.104146, 0.681164, 0.0, 0.0, 0.0, 1.0],
                [0.698642, 0.059719, 0.712974, 0.011196, 0.715437, -0.048587, -0.696986, 0.010832, -0.006982, 0.997032, -0.07667, 0.675774, 0.0, 0.0, 0.0, 1.0],
                [0.653178, 0.038594, 0.75622, 0.010028, 0.756824, -0.001648, -0.653616, 0.0055, -0.02398, 0.999253, -0.030285, 0.672207, 0.0, 0.0, 0.0, 1.0],
                [0.61705, 0.010559, 0.786853, 0.008824, 0.785516, 0.051523, -0.616693, 0.000625, -0.047052, 0.998616, 0.023498, 0.669766, 0.0, 0.0, 0.0, 1.0],
                [0.58627, -0.019399, 0.809883, 0.007671, 0.80674, 0.105152, -0.581476, -0.003634, -0.073881, 0.994267, 0.077298, 0.667782, 0.0, 0.0, 0.0, 1.0],
                [0.556971, -0.048377, 0.829122, 0.006552, 0.824235, 0.154892, -0.544651, -0.00712, -0.102075, 0.986746, 0.126144, 0.665718, 0.0, 0.0, 0.0, 1.0],
                [0.529085, -0.07614, 0.845146, 0.005519, 0.8387, 0.198377, -0.507178, -0.01009, -0.129041, 0.977164, 0.168817, 0.66354, 0.0, 0.0, 0.0, 1.0],
                [0.503717, -0.102137, 0.85781, 0.004596, 0.8501, 0.235188, -0.471186, -0.012809, -0.153621, 0.966569, 0.205294, 0.661377, 0.0, 0.0, 0.0, 1.0],
                [0.48269, -0.126552, 0.866599, 0.003631, 0.857739, 0.268182, -0.438591, -0.015154, -0.176901, 0.95502, 0.237997, 0.659489, 0.0, 0.0, 0.0, 1.0],
                [0.466502, -0.149306, 0.871828, 0.002586, 0.861522, 0.299997, -0.409611, -0.016868, -0.200388, 0.942183, 0.268579, 0.657912, 0.0, 0.0, 0.0, 1.0],
                [0.448924, -0.169148, 0.877415, 0.002068, 0.864912, 0.328936, -0.379115, -0.017539, -0.224487, 0.92908, 0.293965, 0.655636, 0.0, 0.0, 0.0, 1.0],
                [0.422279, -0.18539, 0.887305, 0.002157, 0.871385, 0.352707, -0.341009, -0.016434, -0.249739, 0.917185, 0.310487, 0.651515, 0.0, 0.0, 0.0, 1.0],
                [0.380938, -0.199124, 0.902904, 0.002734, 0.881935, 0.371477, -0.290166, -0.012972, -0.277629, 0.906837, 0.317124, 0.644901, 0.0, 0.0, 0.0, 1.0],
                [0.32144, -0.211256, 0.923064, 0.004138, 0.895072, 0.385948, -0.223362, -0.007072, -0.309068, 0.898005, 0.313149, 0.635484, 0.0, 0.0, 0.0, 1.0],
                [0.248266, -0.2201, 0.943356, 0.00619, 0.906075, 0.39721, -0.145779, 0.000803, -0.342624, 0.890943, 0.298041, 0.623806, 0.0, 0.0, 0.0, 1.0],
                [0.16766, -0.224174, 0.960019, 0.008596, 0.911367, 0.406553, -0.064229, 0.010049, -0.3759, 0.885698, 0.272467, 0.610639, 0.0, 0.0, 0.0, 1.0],
                [0.08319, -0.225825, 0.970609, 0.011104, 0.910204, 0.413759, 0.018254, 0.020055, -0.40572, 0.881933, 0.239968, 0.596828, 0.0, 0.0, 0.0, 1.0],
                [-0.001865, -0.227782, 0.97371, 0.013562, 0.902639, 0.418698, 0.099675, 0.030232, -0.430395, 0.879095, 0.204824, 0.583127, 0.0, 0.0, 0.0, 1.0],
                [-0.084157, -0.229763, 0.969601, 0.016166, 0.888387, 0.423418, 0.177444, 0.040077, -0.451316, 0.876314, 0.168485, 0.569866, 0.0, 0.0, 0.0, 1.0],
                [-0.159373, -0.231871, 0.959602, 0.019002, 0.868844, 0.428576, 0.247857, 0.049025, -0.468733, 0.873246, 0.133156, 0.557508, 0.0, 0.0, 0.0, 1.0],
                [-0.218718, -0.238592, 0.946169, 0.02138, 0.851058, 0.427702, 0.304583, 0.056161, -0.47735, 0.871863, 0.109509, 0.547482, 0.0, 0.0, 0.0, 1.0],
                [-0.255661, -0.246955, 0.934693, 0.022691, 0.839913, 0.422024, 0.341239, 0.06064, -0.478733, 0.872301, 0.099525, 0.541013, 0.0, 0.0, 0.0, 1.0],
                [-0.270951, -0.251497, 0.929159, 0.023438, 0.836301, 0.416461, 0.356597, 0.062231, -0.476641, 0.873676, 0.097486, 0.53754, 0.0, 0.0, 0.0, 1.0],
                [-0.273319, -0.256975, 0.926963, 0.024237, 0.839515, 0.406706, 0.360283, 0.062272, -0.469586, 0.876672, 0.104574, 0.536013, 0.0, 0.0, 0.0, 1.0],
                [-0.273558, -0.264297, 0.924831, 0.025035, 0.844231, 0.394769, 0.362534, 0.062313, -0.460912, 0.879945, 0.115136, 0.535221, 0.0, 0.0, 0.0, 1.0],
                [-0.275046, -0.269857, 0.922782, 0.025663, 0.847278, 0.385585, 0.3653, 0.062522, -0.45439, 0.882327, 0.12259, 0.534178, 0.0, 0.0, 0.0, 1.0],
                [-0.277605, -0.274417, 0.920669, 0.026165, 0.849256, 0.377909, 0.368713, 0.062669, -0.44911, 0.88424, 0.128141, 0.532948, 0.0, 0.0, 0.0, 1.0],
                [-0.280214, -0.279405, 0.918376, 0.026621, 0.851416, 0.369529, 0.372208, 0.062668, -0.443363, 0.886217, 0.134343, 0.531794, 0.0, 0.0, 0.0, 1.0],
                [-0.281803, -0.284479, 0.916329, 0.027062, 0.854081, 0.360788, 0.374669, 0.062658, -0.437186, 0.888202, 0.141297, 0.530704, 0.0, 0.0, 0.0, 1.0],
                [-0.282247, -0.289259, 0.914695, 0.027501, 0.857024, 0.352429, 0.375902, 0.062566, -0.431098, 0.890012, 0.14843, 0.529616, 0.0, 0.0, 0.0, 1.0],
                [-0.282461, -0.293985, 0.913121, 0.027944, 0.859948, 0.344216, 0.376836, 0.062378, -0.425094, 0.891677, 0.155584, 0.528522, 0.0, 0.0, 0.0, 1.0],
                [-0.282816, -0.298772, 0.911456, 0.028393, 0.862843, 0.335804, 0.377808, 0.062162, -0.418949, 0.893292, 0.162822, 0.527431, 0.0, 0.0, 0.0, 1.0],
                [-0.283275, -0.303554, 0.909731, 0.028845, 0.865672, 0.327325, 0.378776, 0.061927, -0.412756, 0.894826, 0.170055, 0.526356, 0.0, 0.0, 0.0, 1.0],
                [-0.283732, -0.308257, 0.908006, 0.029295, 0.868415, 0.31895, 0.37964, 0.061673, -0.406635, 0.896242, 0.177199, 0.525303, 0.0, 0.0, 0.0, 1.0],
                [-0.284216, -0.312945, 0.906249, 0.029751, 0.871111, 0.310543, 0.380433, 0.061411, -0.400483, 0.897568, 0.184349, 0.524258, 0.0, 0.0, 0.0, 1.0],
                [-0.284767, -0.31768, 0.904426, 0.030219, 0.873789, 0.301974, 0.381189, 0.061155, -0.394209, 0.898827, 0.191593, 0.523211, 0.0, 0.0, 0.0, 1.0],
                [-0.285304, -0.322387, 0.902589, 0.030696, 0.8764, 0.293459, 0.381844, 0.06092, -0.387975, 0.899971, 0.198815, 0.522182, 0.0, 0.0, 0.0, 1.0],
                [-0.285791, -0.327004, 0.900773, 0.031179, 0.878913, 0.285142, 0.382369, 0.060718, -0.381884, 0.900979, 0.205917, 0.521185, 0.0, 0.0, 0.0, 1.0],
                [-0.286511, -0.331641, 0.898847, 0.031667, 0.881406, 0.276506, 0.382972, 0.060562, -0.375546, 0.901975, 0.213088, 0.520168, 0.0, 0.0, 0.0, 1.0],
                [-0.287899, -0.336448, 0.896614, 0.032166, 0.883847, 0.267094, 0.384024, 0.060464, -0.368685, 0.90303, 0.220473, 0.519109, 0.0, 0.0, 0.0, 1.0],
                [-0.289544, -0.341269, 0.894259, 0.032699, 0.886197, 0.257461, 0.385186, 0.06043, -0.361689, 0.904018, 0.227886, 0.518169, 0.0, 0.0, 0.0, 1.0],
                [-0.290878, -0.345922, 0.892036, 0.033291, 0.888511, 0.248157, 0.385961, 0.060483, -0.354878, 0.904851, 0.235172, 0.517481, 0.0, 0.0, 0.0, 1.0],
                [-0.292688, -0.350662, 0.88959, 0.033953, 0.890656, 0.238552, 0.387072, 0.060626, -0.347945, 0.90561, 0.242498, 0.516895, 0.0, 0.0, 0.0, 1.0],
                [-0.295763, -0.355728, 0.886556, 0.034703, 0.892486, 0.227985, 0.389219, 0.060855, -0.340578, 0.906355, 0.250053, 0.516247, 0.0, 0.0, 0.0, 1.0],
                [-0.299516, -0.36094, 0.883183, 0.035609, 0.894079, 0.216937, 0.391869, 0.061253, -0.333037, 0.907006, 0.257733, 0.515598, 0.0, 0.0, 0.0, 1.0],
                [-0.30315, -0.366051, 0.879833, 0.03667, 0.895581, 0.206053, 0.394304, 0.061853, -0.325628, 0.907495, 0.265363, 0.515012, 0.0, 0.0, 0.0, 1.0],
                [-0.306419, -0.370869, 0.876677, 0.037571, 0.897099, 0.195458, 0.396243, 0.062395, -0.318308, 0.907883, 0.272815, 0.514332, 0.0, 0.0, 0.0, 1.0],
                [-0.310044, -0.375498, 0.873426, 0.038233, 0.898516, 0.184514, 0.398275, 0.062825, -0.310711, 0.90827, 0.280184, 0.513499, 0.0, 0.0, 0.0, 1.0],
                [-0.318088, -0.381096, 0.868093, 0.03985, 0.898817, 0.170045, 0.403996, 0.0642, -0.301576, 0.908763, 0.288446, 0.513065, 0.0, 0.0, 0.0, 1.0],
                [-0.334537, -0.38856, 0.858549, 0.043504, 0.896735, 0.148854, 0.416784, 0.067616, -0.289744, 0.90932, 0.298638, 0.51394, 0.0, 0.0, 0.0, 1.0],
                [-0.359718, -0.397319, 0.84424, 0.048561, 0.891565, 0.120467, 0.436577, 0.073205, -0.275163, 0.909739, 0.310901, 0.515865, 0.0, 0.0, 0.0, 1.0],
                [-0.391728, -0.406114, 0.825604, 0.054091, 0.883011, 0.086202, 0.461369, 0.080491, -0.258537, 0.909748, 0.324836, 0.517963, 0.0, 0.0, 0.0, 1.0],
                [-0.423678, -0.413094, 0.806133, 0.059694, 0.87279, 0.051935, 0.485325, 0.087543, -0.242351, 0.909207, 0.33854, 0.520054, 0.0, 0.0, 0.0, 1.0],
                [-0.447948, -0.416997, 0.790858, 0.06494, 0.864147, 0.02496, 0.50262, 0.092353, -0.229331, 0.908565, 0.349166, 0.52196, 0.0, 0.0, 0.0, 1.0],
                [-0.458161, -0.41649, 0.785255, 0.06876, 0.860663, 0.012923, 0.509012, 0.094079, -0.222146, 0.909048, 0.352537, 0.522823, 0.0, 0.0, 0.0, 1.0],
                [-0.457185, -0.413994, 0.787141, 0.070397, 0.861771, 0.012566, 0.507141, 0.092857, -0.219845, 0.910193, 0.351023, 0.522069, 0.0, 0.0, 0.0, 1.0],
                [-0.452406, -0.411624, 0.791135, 0.070985, 0.864455, 0.015634, 0.502467, 0.089946, -0.219196, 0.91122, 0.348758, 0.520573, 0.0, 0.0, 0.0, 1.0],
                [-0.444429, -0.407871, 0.797574, 0.071786, 0.868463, 0.022154, 0.49526, 0.086289, -0.219672, 0.912771, 0.344375, 0.519231, 0.0, 0.0, 0.0, 1.0],
                [-0.433748, -0.403149, 0.805812, 0.072683, 0.873398, 0.03168, 0.485977, 0.082056, -0.221449, 0.914586, 0.338369, 0.517941, 0.0, 0.0, 0.0, 1.0],
                [-0.421062, -0.397842, 0.815125, 0.073285, 0.878862, 0.043282, 0.47511, 0.077279, -0.224299, 0.916432, 0.331424, 0.516436, 0.0, 0.0, 0.0, 1.0],
                [-0.407375, -0.391985, 0.824859, 0.073492, 0.884471, 0.055657, 0.463265, 0.07221, -0.227503, 0.918286, 0.324026, 0.51479, 0.0, 0.0, 0.0, 1.0],
                [-0.393607, -0.38595, 0.834336, 0.073485, 0.889853, 0.067837, 0.451177, 0.067142, -0.23073, 0.920022, 0.316737, 0.513118, 0.0, 0.0, 0.0, 1.0],
                [-0.380574, -0.379934, 0.843098, 0.073434, 0.894654, 0.079432, 0.439642, 0.062306, -0.234003, 0.921597, 0.30968, 0.511372, 0.0, 0.0, 0.0, 1.0],
                [-0.369038, -0.374163, 0.850773, 0.073244, 0.898624, 0.090022, 0.429386, 0.057941, -0.237248, 0.922983, 0.30301, 0.509532, 0.0, 0.0, 0.0, 1.0],
                [-0.359573, -0.369111, 0.857009, 0.072949, 0.901808, 0.098452, 0.420773, 0.054391, -0.239686, 0.924156, 0.297467, 0.507862, 0.0, 0.0, 0.0, 1.0],
                [-0.35289, -0.365238, 0.861436, 0.072665, 0.90418, 0.103709, 0.414372, 0.051913, -0.240683, 0.925119, 0.293643, 0.506586, 0.0, 0.0, 0.0, 1.0],
                [-0.350445, -0.362606, 0.863542, 0.072383, 0.905062, 0.106078, 0.411838, 0.050327, -0.240938, 0.925885, 0.291007, 0.505497, 0.0, 0.0, 0.0, 1.0],
                [-0.3513, -0.360808, 0.863948, 0.07207, 0.904733, 0.106634, 0.412417, 0.049318, -0.24093, 0.926524, 0.288974, 0.504348, 0.0, 0.0, 0.0, 1.0],
                [-0.353565, -0.359023, 0.863768, 0.071728, 0.903902, 0.106515, 0.414266, 0.048462, -0.240735, 0.927231, 0.286862, 0.503155, 0.0, 0.0, 0.0, 1.0],
                [-0.357374, -0.356749, 0.863142, 0.071366, 0.902412, 0.106283, 0.417561, 0.047423, -0.240702, 0.928135, 0.283952, 0.501985, 0.0, 0.0, 0.0, 1.0],
                [-0.36247, -0.354157, 0.862084, 0.070982, 0.900342, 0.105963, 0.422087, 0.046318, -0.240834, 0.929163, 0.280454, 0.500835, 0.0, 0.0, 0.0, 1.0],
                [-0.368557, -0.351632, 0.860536, 0.070573, 0.897831, 0.105315, 0.427563, 0.045332, -0.240972, 0.930195, 0.276891, 0.499689, 0.0, 0.0, 0.0, 1.0],
                [-0.375575, -0.349719, 0.858278, 0.070153, 0.895008, 0.103586, 0.433856, 0.044483, -0.240633, 0.93111, 0.274097, 0.498554, 0.0, 0.0, 0.0, 1.0],
                [-0.383391, -0.348331, 0.855382, 0.069725, 0.891879, 0.10096, 0.440862, 0.043796, -0.239925, 0.931918, 0.271962, 0.497439, 0.0, 0.0, 0.0, 1.0],
                [-0.391468, -0.346946, 0.85228, 0.069244, 0.888545, 0.09829, 0.448137, 0.043504, -0.23925, 0.93272, 0.2698, 0.496334, 0.0, 0.0, 0.0, 1.0],
                [-0.399377, -0.345514, 0.849187, 0.068647, 0.885214, 0.09566, 0.455243, 0.043559, -0.238526, 0.933525, 0.26765, 0.49523, 0.0, 0.0, 0.0, 1.0],
                [-0.407334, -0.344057, 0.845993, 0.067866, 0.881781, 0.093019, 0.462396, 0.043926, -0.237784, 0.93433, 0.265493, 0.494129, 0.0, 0.0, 0.0, 1.0],
                [-0.415579, -0.343604, 0.842158, 0.066839, 0.8784, 0.088648, 0.469632, 0.044848, -0.236023, 0.934921, 0.264982, 0.493035, 0.0, 0.0, 0.0, 1.0],
                [-0.423516, -0.344375, 0.837879, 0.065543, 0.875396, 0.082373, 0.476337, 0.04634, -0.233057, 0.935212, 0.266578, 0.491947, 0.0, 0.0, 0.0, 1.0],
                [-0.430486, -0.345559, 0.833829, 0.063933, 0.872853, 0.075823, 0.482056, 0.048409, -0.229802, 0.935329, 0.268981, 0.490868, 0.0, 0.0, 0.0, 1.0],
                [-0.436669, -0.347672, 0.829726, 0.061838, 0.870823, 0.068146, 0.486851, 0.051276, -0.225807, 0.935137, 0.273003, 0.489811, 0.0, 0.0, 0.0, 1.0],
                [-0.442248, -0.351118, 0.825308, 0.059198, 0.869355, 0.058453, 0.490719, 0.055057, -0.220542, 0.934505, 0.279396, 0.488778, 0.0, 0.0, 0.0, 1.0],
                [-0.446605, -0.354662, 0.821438, 0.056512, 0.868646, 0.048207, 0.493084, 0.05924, -0.214477, 0.933751, 0.286546, 0.48772, 0.0, 0.0, 0.0, 1.0],
                [-0.449547, -0.357816, 0.818459, 0.053931, 0.868781, 0.037879, 0.493747, 0.063752, -0.207673, 0.933023, 0.293835, 0.486624, 0.0, 0.0, 0.0, 1.0],
                [-0.451302, -0.365114, 0.814259, 0.049659, 0.870184, 0.022145, 0.492229, 0.07089, -0.197752, 0.930699, 0.307722, 0.485661, 0.0, 0.0, 0.0, 1.0],
                [-0.44951, -0.382319, 0.807325, 0.041819, 0.874441, -0.00372, 0.485118, 0.083177, -0.182467, 0.924023, 0.335988, 0.484973, 0.0, 0.0, 0.0, 1.0],
                [-0.443012, -0.410198, 0.797169, 0.030168, 0.8821, -0.040624, 0.469307, 0.101669, -0.160125, 0.911091, 0.379833, 0.484386, 0.0, 0.0, 0.0, 1.0],
                [-0.433452, -0.445685, 0.783252, 0.015198, 0.891859, -0.08749, 0.443771, 0.126384, -0.129255, 0.890904, 0.435411, 0.483701, 0.0, 0.0, 0.0, 1.0],
                [-0.421418, -0.480767, 0.768941, -0.001292, 0.902237, -0.136696, 0.409003, 0.154666, -0.091524, 0.866128, 0.491371, 0.482929, 0.0, 0.0, 0.0, 1.0],
                [-0.40621, -0.5091, 0.758822, -0.0175, 0.912413, -0.180564, 0.367287, 0.183888, -0.04997, 0.841554, 0.537856, 0.482116, 0.0, 0.0, 0.0, 1.0],
                [-0.387496, -0.527847, 0.755794, -0.032905, 0.921867, -0.219132, 0.319599, 0.214214, -0.00308, 0.820584, 0.571517, 0.481243, 0.0, 0.0, 0.0, 1.0],
                [-0.365026, -0.535373, 0.761664, -0.047495, 0.929499, -0.25598, 0.265532, 0.246412, 0.052813, 0.804891, 0.591068, 0.480291, 0.0, 0.0, 0.0, 1.0],
                [-0.33755, -0.536836, 0.773219, -0.062005, 0.933583, -0.295949, 0.202083, 0.280873, 0.120348, 0.790077, 0.601079, 0.479298, 0.0, 0.0, 0.0, 1.0],
                [-0.303773, -0.536915, 0.787048, -0.076911, 0.932081, -0.338591, 0.128768, 0.317343, 0.19735, 0.772709, 0.603303, 0.478279, 0.0, 0.0, 0.0, 1.0],
                [-0.260721, -0.530726, 0.806446, -0.090891, 0.928706, -0.366035, 0.059358, 0.353368, 0.263684, 0.764427, 0.588322, 0.477085, 0.0, 0.0, 0.0, 1.0],
                [-0.210338, -0.520101, 0.8278, -0.102457, 0.927, -0.375062, -0.000105, 0.386205, 0.310531, 0.767348, 0.561023, 0.475552, 0.0, 0.0, 0.0, 1.0],
                [-0.158048, -0.513403, 0.843468, -0.11125, 0.924888, -0.376146, -0.055649, 0.414155, 0.345838, 0.771318, 0.534289, 0.473621, 0.0, 0.0, 0.0, 1.0],
                [-0.096882, -0.498013, 0.861741, -0.117064, 0.929508, -0.354828, -0.10056, 0.436337, 0.35585, 0.791252, 0.497283, 0.471286, 0.0, 0.0, 0.0, 1.0],
                [-0.023402, -0.466503, 0.88421, -0.119188, 0.942278, -0.305793, -0.136395, 0.454096, 0.334013, 0.829979, 0.446732, 0.468655, 0.0, 0.0, 0.0, 1.0],
                [0.05507, -0.42509, 0.903474, -0.118859, 0.953901, -0.244961, -0.1734, 0.469201, 0.295026, 0.871374, 0.392004, 0.465883, 0.0, 0.0, 0.0, 1.0],
                [0.132009, -0.376005, 0.917166, -0.118299, 0.959735, -0.182968, -0.213146, 0.482897, 0.247956, 0.908374, 0.336712, 0.463192, 0.0, 0.0, 0.0, 1.0],
                [0.206005, -0.322459, 0.923895, -0.117777, 0.958851, -0.121976, -0.256371, 0.496539, 0.195362, 0.938692, 0.284063, 0.460641, 0.0, 0.0, 0.0, 1.0],
                [0.290419, -0.256872, 0.921777, -0.116081, 0.948334, -0.051336, -0.313092, 0.512461, 0.127745, 0.965081, 0.228692, 0.457569, 0.0, 0.0, 0.0, 1.0],
                [0.392348, -0.171468, 0.903693, -0.111527, 0.919146, 0.035572, -0.392308, 0.531869, 0.035123, 0.984547, 0.171561, 0.453805, 0.0, 0.0, 0.0, 1.0],
                [0.494651, -0.087847, 0.864641, -0.102028, 0.866521, 0.126312, -0.482894, 0.55048, -0.066794, 0.988093, 0.138601, 0.451847, 0.0, 0.0, 0.0, 1.0],
                [0.586501, -0.030513, 0.809374, -0.086305, 0.795056, 0.212438, -0.568117, 0.564209, -0.154607, 0.976698, 0.148855, 0.452041, 0.0, 0.0, 0.0, 1.0],
                [0.670022, 0.013457, 0.742219, -0.066714, 0.706926, 0.29357, -0.643485, 0.575248, -0.226552, 0.955843, 0.187185, 0.452648, 0.0, 0.0, 0.0, 1.0],
                [0.744109, 0.062711, 0.665108, -0.046235, 0.602518, 0.36705, -0.708693, 0.586536, -0.28857, 0.928085, 0.235341, 0.453591, 0.0, 0.0, 0.0, 1.0],
                [0.803872, 0.119907, 0.58259, -0.026709, 0.486238, 0.431658, -0.759766, 0.597724, -0.342581, 0.894032, 0.288695, 0.454334, 0.0, 0.0, 0.0, 1.0],
                [0.848938, 0.180031, 0.496883, -0.008469, 0.362762, 0.485216, -0.795594, 0.608454, -0.384327, 0.85566, 0.34661, 0.45584, 0.0, 0.0, 0.0, 1.0],
                [0.892304, 0.224891, 0.391431, 0.013059, 0.230563, 0.518432, -0.823449, 0.621617, -0.388117, 0.825016, 0.410747, 0.465534, 0.0, 0.0, 0.0, 1.0],
                [0.940173, 0.232892, 0.248667, 0.0391, 0.09219, 0.528743, -0.84376, 0.638949, -0.327986, 0.816205, 0.47564, 0.492411, 0.0, 0.0, 0.0, 1.0],
                [0.97205, 0.214713, 0.094956, 0.052589, -0.034328, 0.530098, -0.847241, 0.654301, -0.23225, 0.820301, 0.522653, 0.5229, 0.0, 0.0, 0.0, 1.0],
                [0.981043, 0.191073, -0.032338, 0.039689, -0.130809, 0.529799, -0.837975, 0.66177, -0.142981, 0.826319, 0.54475, 0.538303, 0.0, 0.0, 0.0, 1.0],
                [0.980207, 0.152955, -0.125691, 0.014317, -0.188707, 0.5299, -0.826798, 0.664306, -0.05986, 0.834152, 0.548276, 0.544376, 0.0, 0.0, 0.0, 1.0],
                [0.977897, 0.087853, -0.189735, -0.007493, -0.207875, 0.506084, -0.837058, 0.666024, 0.022484, 0.857998, 0.51316, 0.550595, 0.0, 0.0, 0.0, 1.0],
                [0.973245, 0.008706, -0.229604, -0.025552, -0.208172, 0.456373, -0.865094, 0.666846, 0.097254, 0.889746, 0.445975, 0.556873, 0.0, 0.0, 0.0, 1.0],
                [0.965853, -0.059343, -0.252204, -0.042473, -0.205534, 0.417173, -0.885281, 0.666796, 0.157748, 0.906888, 0.390731, 0.561089, 0.0, 0.0, 0.0, 1.0],
                [0.960195, -0.097973, -0.261586, -0.056229, -0.201977, 0.403371, -0.892467, 0.666444, 0.192954, 0.909777, 0.367526, 0.562565, 0.0, 0.0, 0.0, 1.0],
                [0.959849, -0.108752, -0.258579, -0.064688, -0.192839, 0.413639, -0.889784, 0.665369, 0.203724, 0.903923, 0.376059, 0.561782, 0.0, 0.0, 0.0, 1.0],
                [0.962684, -0.110031, -0.24725, -0.069941, -0.176694, 0.436459, -0.882203, 0.663684, 0.204984, 0.892971, 0.40073, 0.560009, 0.0, 0.0, 0.0, 1.0],
                [0.967025, -0.104626, -0.232197, -0.074502, -0.158761, 0.465248, -0.870826, 0.661811, 0.19914, 0.878975, 0.433296, 0.557926, 0.0, 0.0, 0.0, 1.0],
                [0.972361, -0.093206, -0.214073, -0.07835, -0.141033, 0.496232, -0.856658, 0.659855, 0.186076, 0.863172, 0.469371, 0.555485, 0.0, 0.0, 0.0, 1.0],
                [0.977581, -0.081088, -0.194319, -0.081076, -0.123519, 0.526549, -0.841124, 0.657873, 0.170523, 0.846269, 0.504729, 0.552549, 0.0, 0.0, 0.0, 1.0],
                [0.981984, -0.070136, -0.175468, -0.083239, -0.108241, 0.552367, -0.826544, 0.656044, 0.154893, 0.830645, 0.534824, 0.549351, 0.0, 0.0, 0.0, 1.0],
                [0.985211, -0.061205, -0.16004, -0.085463, -0.097133, 0.569949, -0.815919, 0.654543, 0.141153, 0.819397, 0.555576, 0.546146, 0.0, 0.0, 0.0, 1.0],
                [0.987286, -0.055418, -0.148978, -0.087659, -0.090222, 0.57626, -0.812271, 0.65341, 0.130864, 0.815385, 0.563934, 0.542912, 0.0, 0.0, 0.0, 1.0],
                [0.98839, -0.052991, -0.142396, -0.089601, -0.086627, 0.57341, -0.814676, 0.652624, 0.124822, 0.817553, 0.562162, 0.539576, 0.0, 0.0, 0.0, 1.0],
                [0.988988, -0.051768, -0.138644, -0.091237, -0.085317, 0.566042, -0.81995, 0.652062, 0.120926, 0.822749, 0.555392, 0.536144, 0.0, 0.0, 0.0, 1.0],
                [0.989454, -0.04997, -0.135954, -0.092565, -0.085667, 0.554962, -0.827453, 0.651602, 0.116797, 0.830373, 0.544829, 0.532643, 0.0, 0.0, 0.0, 1.0],
                [0.989807, -0.04789, -0.134121, -0.093618, -0.087185, 0.5409, -0.836556, 0.651233, 0.112609, 0.839722, 0.531211, 0.52911, 0.0, 0.0, 0.0, 1.0],
                [0.989983, -0.046133, -0.133437, -0.094451, -0.089679, 0.524503, -0.846672, 0.650963, 0.109048, 0.850157, 0.515112, 0.525574, 0.0, 0.0, 0.0, 1.0],
                [0.990028, -0.044732, -0.133578, -0.095183, -0.092824, 0.506106, -0.857461, 0.650766, 0.10596, 0.86131, 0.496907, 0.522022, 0.0, 0.0, 0.0, 1.0],
                [0.990028, -0.043628, -0.133942, -0.095916, -0.096101, 0.486035, -0.868639, 0.650612, 0.102998, 0.872849, 0.476996, 0.518439, 0.0, 0.0, 0.0, 1.0],
                [0.989988, -0.042716, -0.134531, -0.096609, -0.099492, 0.464891, -0.87976, 0.650485, 0.100122, 0.884337, 0.455986, 0.514858, 0.0, 0.0, 0.0, 1.0],
                [0.989918, -0.041851, -0.135318, -0.097226, -0.102964, 0.443428, -0.890376, 0.650368, 0.097267, 0.895332, 0.434648, 0.511295, 0.0, 0.0, 0.0, 1.0],
                [0.98993, -0.040745, -0.135566, -0.097893, -0.105864, 0.422668, -0.90008, 0.65022, 0.093973, 0.905368, 0.414098, 0.507656, 0.0, 0.0, 0.0, 1.0],
                [0.990066, -0.039348, -0.134979, -0.098648, -0.107838, 0.403485, -0.908609, 0.650015, 0.090214, 0.914139, 0.395234, 0.503918, 0.0, 0.0, 0.0, 1.0],
                [0.99016, -0.039132, -0.134355, -0.09903, -0.109063, 0.385776, -0.916123, 0.649811, 0.08768, 0.921762, 0.377713, 0.500462, 0.0, 0.0, 0.0, 1.0],
                [0.990289, -0.040386, -0.133027, -0.098986, -0.108924, 0.369199, -0.922945, 0.649674, 0.086388, 0.928472, 0.361215, 0.497822, 0.0, 0.0, 0.0, 1.0],
                [0.990824, -0.042254, -0.128385, -0.098679, -0.105332, 0.353835, -0.929358, 0.649626, 0.084696, 0.934353, 0.346137, 0.496761, 0.0, 0.0, 0.0, 1.0],
                [0.991697, -0.047415, -0.119534, -0.097621, -0.096515, 0.339826, -0.935523, 0.649642, 0.084979, 0.939292, 0.332428, 0.496929, 0.0, 0.0, 0.0, 1.0],
                [0.992543, -0.055326, -0.108614, -0.096039, -0.084843, 0.326203, -0.941485, 0.649687, 0.087519, 0.943679, 0.319077, 0.497272, 0.0, 0.0, 0.0, 1.0],
                [0.993273, -0.062327, -0.097583, -0.094567, -0.073488, 0.311935, -0.947257, 0.649757, 0.089479, 0.948057, 0.305257, 0.497601, 0.0, 0.0, 0.0, 1.0],
                [0.993881, -0.068569, -0.08659, -0.093156, -0.0625, 0.297235, -0.952756, 0.649841, 0.091068, 0.952339, 0.291131, 0.497921, 0.0, 0.0, 0.0, 1.0],
                [0.994337, -0.074905, -0.075378, -0.091633, -0.051336, 0.282472, -0.957901, 0.649926, 0.093043, 0.956347, 0.277027, 0.49828, 0.0, 0.0, 0.0, 1.0],
                [0.994643, -0.081184, -0.063985, -0.090031, -0.040097, 0.267504, -0.962722, 0.650004, 0.095274, 0.960131, 0.262816, 0.498707, 0.0, 0.0, 0.0, 1.0],
                [0.99481, -0.087133, -0.052531, -0.088408, -0.028979, 0.252265, -0.967224, 0.650066, 0.097529, 0.963727, 0.248431, 0.499208, 0.0, 0.0, 0.0, 1.0],
                [0.994817, -0.092987, -0.04113, -0.086723, -0.017959, 0.237461, -0.971231, 0.650091, 0.100079, 0.966936, 0.234561, 0.499706, 0.0, 0.0, 0.0, 1.0],
                [0.994645, -0.098927, -0.029922, -0.084952, -0.007062, 0.223776, -0.974615, 0.650069, 0.103112, 0.969606, 0.221879, 0.500194, 0.0, 0.0, 0.0, 1.0],
                [0.994356, -0.10435, -0.019173, -0.083235, 0.003297, 0.211022, -0.977476, 0.650019, 0.106046, 0.971895, 0.210175, 0.501019, 0.0, 0.0, 0.0, 1.0],
                [0.994013, -0.108865, -0.009276, -0.081618, 0.012654, 0.19903, -0.979912, 0.649939, 0.108524, 0.973928, 0.199216, 0.502493, 0.0, 0.0, 0.0, 1.0],
                [0.99351, -0.113745, -0.000936, -0.079609, 0.020658, 0.188516, -0.981853, 0.649711, 0.111857, 0.975461, 0.189642, 0.504429, 0.0, 0.0, 0.0, 1.0],
                [0.992721, -0.120324, 0.005179, -0.076778, 0.026981, 0.180283, -0.983245, 0.649222, 0.117374, 0.976228, 0.182217, 0.506594, 0.0, 0.0, 0.0, 1.0],
                [0.991675, -0.128466, 0.008783, -0.073485, 0.031346, 0.174686, -0.984125, 0.648497, 0.124892, 0.976208, 0.177259, 0.509068, 0.0, 0.0, 0.0, 1.0],
                [0.990448, -0.137521, 0.01002, -0.070177, 0.033806, 0.171739, -0.984562, 0.647589, 0.133677, 0.975497, 0.174748, 0.511983, 0.0, 0.0, 0.0, 1.0],
                [0.989204, -0.146174, 0.010431, -0.066848, 0.035549, 0.170296, -0.984751, 0.646542, 0.142168, 0.974491, 0.173654, 0.515377, 0.0, 0.0, 0.0, 1.0],
                [0.988178, -0.152857, 0.011833, -0.063438, 0.037931, 0.168969, -0.984891, 0.645497, 0.148548, 0.973696, 0.172769, 0.519216, 0.0, 0.0, 0.0, 1.0],
                [0.987666, -0.155789, 0.015683, -0.060121, 0.041946, 0.166762, -0.985104, 0.645004, 0.150853, 0.973612, 0.17124, 0.523258, 0.0, 0.0, 0.0, 1.0],
                [0.987698, -0.154647, 0.023158, -0.05713, 0.048574, 0.162661, -0.985485, 0.645008, 0.148636, 0.974487, 0.168171, 0.527277, 0.0, 0.0, 0.0, 1.0],
                [0.988422, -0.147552, 0.035354, -0.054687, 0.058471, 0.15541, -0.986118, 0.645039, 0.140009, 0.976768, 0.162239, 0.5313, 0.0, 0.0, 0.0, 1.0],
                [0.989911, -0.131424, 0.05294, -0.052939, 0.071932, 0.144257, -0.986922, 0.645339, 0.122068, 0.980774, 0.152256, 0.535375, 0.0, 0.0, 0.0, 1.0],
                [0.991364, -0.107891, 0.074543, -0.051738, 0.088415, 0.130097, -0.987551, 0.645885, 0.09685, 0.985614, 0.138513, 0.539371, 0.0, 0.0, 0.0, 1.0],
                [0.991965, -0.079353, 0.098531, -0.050855, 0.107247, 0.114326, -0.987637, 0.646434, 0.067108, 0.990269, 0.121918, 0.543247, 0.0, 0.0, 0.0, 1.0],
                [0.991177, -0.04638, 0.124163, -0.050037, 0.128242, 0.098904, -0.986799, 0.647279, 0.033488, 0.994016, 0.10398, 0.547497, 0.0, 0.0, 0.0, 1.0],
                [0.988523, -0.010061, 0.150732, -0.049081, 0.151037, 0.085661, -0.98481, 0.648797, -0.003003, 0.996274, 0.086198, 0.552546, 0.0, 0.0, 0.0, 1.0],
                [0.98397, 0.024882, 0.176588, -0.048021, 0.174304, 0.07511, -0.981823, 0.651156, -0.037694, 0.996865, 0.069569, 0.558002, 0.0, 0.0, 0.0, 1.0],
                [0.978174, 0.053779, 0.200706, -0.046729, 0.196958, 0.067779, -0.978066, 0.654533, -0.066203, 0.99625, 0.055708, 0.563508, 0.0, 0.0, 0.0, 1.0],
                [0.97144, 0.075824, 0.224844, -0.0442, 0.220054, 0.066617, -0.97321, 0.659359, -0.088771, 0.994893, 0.048029, 0.56966, 0.0, 0.0, 0.0, 1.0],
                [0.963652, 0.091264, 0.25109, -0.039617, 0.244842, 0.074379, -0.966706, 0.665992, -0.106901, 0.993045, 0.04933, 0.577106, 0.0, 0.0, 0.0, 1.0],
                [0.954637, 0.101204, 0.280046, -0.033787, 0.27158, 0.089776, -0.95822, 0.674262, -0.122117, 0.990807, 0.058218, 0.585751, 0.0, 0.0, 0.0, 1.0],
                [0.944277, 0.106985, 0.311281, -0.027707, 0.299858, 0.110406, -0.947574, 0.683829, -0.135744, 0.988112, 0.072173, 0.595259, 0.0, 0.0, 0.0, 1.0],
                [0.933165, 0.109847, 0.342252, -0.021516, 0.327308, 0.13387, -0.935387, 0.694218, -0.148567, 0.984892, 0.088969, 0.605068, 0.0, 0.0, 0.0, 1.0],
                [0.922333, 0.111404, 0.369989, -0.015228, 0.351412, 0.156295, -0.923083, 0.704904, -0.160662, 0.981408, 0.105008, 0.614672, 0.0, 0.0, 0.0, 1.0],
                [0.913001, 0.11437, 0.391599, -0.009229, 0.370762, 0.167833, -0.913437, 0.715313, -0.170193, 0.979159, 0.110827, 0.624012, 0.0, 0.0, 0.0, 1.0],
                [0.906419, 0.119764, 0.405047, -0.003927, 0.383453, 0.168796, -0.908004, 0.724959, -0.177117, 0.978348, 0.107076, 0.633124, 0.0, 0.0, 0.0, 1.0],
                [0.903205, 0.128598, 0.409493, 0.000546, 0.388135, 0.162573, -0.90715, 0.733754, -0.18323, 0.97828, 0.096924, 0.641972, 0.0, 0.0, 0.0, 1.0],
                [0.903974, 0.144664, 0.402372, 0.004095, 0.384415, 0.1371, -0.912923, 0.741781, -0.187232, 0.979937, 0.068324, 0.650523, 0.0, 0.0, 0.0, 1.0],
                [0.908131, 0.166472, 0.384168, 0.006491, 0.373651, 0.091732, -0.923022, 0.7494, -0.188898, 0.98177, 0.021102, 0.65884, 0.0, 0.0, 0.0, 1.0],
                [0.914274, 0.189701, 0.357934, 0.007665, 0.357839, 0.035961, -0.933091, 0.756908, -0.18988, 0.981183, -0.035004, 0.667003, 0.0, 0.0, 0.0, 1.0],
                [0.921886, 0.211571, 0.324599, 0.008323, 0.337132, -0.025099, -0.941123, 0.764079, -0.190967, 0.97704, -0.094466, 0.675083, 0.0, 0.0, 0.0, 1.0],
                [0.930572, 0.229345, 0.285371, 0.009174, 0.311656, -0.087226, -0.946183, 0.770589, -0.19211, 0.969429, -0.152647, 0.683031, 0.0, 0.0, 0.0, 1.0],
                [0.939914, 0.238728, 0.244072, 0.010169, 0.283151, -0.145638, -0.947953, 0.776243, -0.190757, 0.960103, -0.204483, 0.690342, 0.0, 0.0, 0.0, 1.0],
                [0.94898, 0.240335, 0.204149, 0.011119, 0.25305, -0.194104, -0.947781, 0.780909, -0.188159, 0.951085, -0.245017, 0.696557, 0.0, 0.0, 0.0, 1.0],
                [0.957634, 0.235674, 0.165514, 0.012036, 0.219364, -0.224562, -0.949448, 0.784578, -0.186592, 0.945531, -0.266746, 0.701855, 0.0, 0.0, 0.0, 1.0],
                [0.967287, 0.219589, 0.127028, 0.012969, 0.179463, -0.238411, -0.954438, 0.787167, -0.1793, 0.946013, -0.27002, 0.706501, 0.0, 0.0, 0.0, 1.0],
                [0.977395, 0.192824, 0.0867, 0.013918, 0.133662, -0.245846, -0.960049, 0.788166, -0.163806, 0.949936, -0.266062, 0.710468, 0.0, 0.0, 0.0, 1.0],
                [0.986044, 0.160577, 0.043935, 0.014872, 0.082699, -0.243415, -0.96639, 0.788137, -0.144486, 0.956537, -0.253298, 0.713706, 0.0, 0.0, 0.0, 1.0],
                [0.992068, 0.125698, -0.000783, 0.015814, 0.028244, -0.228972, -0.973023, 0.787934, -0.122486, 0.965283, -0.230706, 0.716373, 0.0, 0.0, 0.0, 1.0],
                [0.994785, 0.090782, -0.046487, 0.016743, -0.026578, -0.209306, -0.977489, 0.786903, -0.098468, 0.973627, -0.205802, 0.718659, 0.0, 0.0, 0.0, 1.0],
                [0.994231, 0.059777, -0.089057, 0.017722, -0.076433, -0.187653, -0.979257, 0.785043, -0.075249, 0.980415, -0.182002, 0.720661, 0.0, 0.0, 0.0, 1.0],
                [0.991591, 0.036038, -0.124294, 0.01876, -0.116682, -0.166439, -0.979124, 0.78299, -0.055973, 0.985393, -0.160834, 0.722464, 0.0, 0.0, 0.0, 1.0],
                [0.988273, 0.020332, -0.15134, 0.01959, -0.146774, -0.146923, -0.978198, 0.780708, -0.042124, 0.988939, -0.142216, 0.724194, 0.0, 0.0, 0.0, 1.0],
                [0.985242, 0.012482, -0.170714, 0.019981, -0.167698, -0.129446, -0.977303, 0.778022, -0.034297, 0.991508, -0.125442, 0.725904, 0.0, 0.0, 0.0, 1.0],
                [0.982771, 0.010951, -0.184503, 0.020131, -0.182147, -0.112006, -0.976871, 0.774865, -0.031363, 0.993647, -0.108082, 0.727322, 0.0, 0.0, 0.0, 1.0],
                [0.980778, 0.012442, -0.194731, 0.020283, -0.192782, -0.092501, -0.976872, 0.771231, -0.030167, 0.995635, -0.088324, 0.728216, 0.0, 0.0, 0.0, 1.0],
                [0.979266, 0.015247, -0.202005, 0.020423, -0.200429, -0.071993, -0.977059, 0.767256, -0.02944, 0.997289, -0.067445, 0.728832, 0.0, 0.0, 0.0, 1.0],
                [0.978171, 0.020722, -0.206767, 0.020493, -0.205468, -0.052318, -0.977264, 0.76309, -0.031068, 0.998416, -0.046918, 0.729455, 0.0, 0.0, 0.0, 1.0],
                [0.977327, 0.027908, -0.209887, 0.020509, -0.208922, -0.033925, -0.977344, 0.758816, -0.034396, 0.999035, -0.027325, 0.730053, 0.0, 0.0, 0.0, 1.0],
                [0.976565, 0.034544, -0.212429, 0.020482, -0.21196, -0.016739, -0.977135, 0.754512, -0.03731, 0.999263, -0.009024, 0.730529, 0.0, 0.0, 0.0, 1.0],
                [0.975635, 0.04073, -0.215584, 0.020442, -0.215741, -0.000543, -0.97645, 0.750311, -0.039888, 0.99917, 0.008257, 0.730854, 0.0, 0.0, 0.0, 1.0],
                [0.974298, 0.046552, -0.220396, 0.020414, -0.221251, 0.014013, -0.975116, 0.746343, -0.042305, 0.998818, 0.023953, 0.731026, 0.0, 0.0, 0.0, 1.0],
                [0.972531, 0.049585, -0.22743, 0.020267, -0.228751, 0.022749, -0.973219, 0.742666, -0.043083, 0.998511, 0.033467, 0.731075, 0.0, 0.0, 0.0, 1.0],
                [0.970284, 0.049882, -0.236772, 0.019288, -0.238209, 0.025068, -0.97089, 0.739302, -0.042494, 0.99844, 0.036206, 0.730927, 0.0, 0.0, 0.0, 1.0],
                [0.967634, 0.04964, -0.247427, 0.017636, -0.248867, 0.02521, -0.968209, 0.736198, -0.041824, 0.998449, 0.036748, 0.730556, 0.0, 0.0, 0.0, 1.0],
                [0.964773, 0.048299, -0.258612, 0.016218, -0.259773, 0.019445, -0.965474, 0.733281, -0.041603, 0.998644, 0.031306, 0.730068, 0.0, 0.0, 0.0, 1.0],
                [0.961716, 0.046157, -0.270135, 0.014989, -0.270793, 0.008544, -0.9626, 0.730467, -0.042122, 0.998898, 0.020716, 0.729565, 0.0, 0.0, 0.0, 1.0],
                [0.958484, 0.044336, -0.281678, 0.013717, -0.281938, -0.000419, -0.959433, 0.727737, -0.042656, 0.999017, 0.012099, 0.7291, 0.0, 0.0, 0.0, 1.0],
                [0.955333, 0.042296, -0.292488, 0.012358, -0.292419, -0.007943, -0.956257, 0.725332, -0.042769, 0.999074, 0.00478, 0.728542, 0.0, 0.0, 0.0, 1.0],
                [0.95251, 0.039169, -0.301976, 0.010959, -0.301571, -0.016003, -0.953309, 0.723581, -0.042173, 0.999105, -0.00343, 0.727842, 0.0, 0.0, 0.0, 1.0],
                [0.949874, 0.034646, -0.310706, 0.009728, -0.309974, -0.024951, -0.950418, 0.7229, -0.04068, 0.999088, -0.012961, 0.727474, 0.0, 0.0, 0.0, 1.0],
                [0.947196, 0.028731, -0.319363, 0.008831, -0.318359, -0.03465, -0.947337, 0.723198, -0.038284, 0.998986, -0.023673, 0.727839, 0.0, 0.0, 0.0, 1.0],
                [0.944415, 0.022171, -0.328007, 0.008088, -0.326826, -0.044635, -0.94403, 0.723806, -0.03557, 0.998757, -0.034908, 0.728542, 0.0, 0.0, 0.0, 1.0],
                [0.941526, 0.015701, -0.336574, 0.007292, -0.33531, -0.054482, -0.940531, 0.724383, -0.033105, 0.998391, -0.046031, 0.729121, 0.0, 0.0, 0.0, 1.0],
                [0.938543, 0.009265, -0.345038, 0.006459, -0.343782, -0.064192, -0.936853, 0.724945, -0.030828, 0.997895, -0.057062, 0.72961, 0.0, 0.0, 0.0, 1.0],
                [0.935474, 0.002671, -0.353386, 0.005647, -0.352238, -0.073853, -0.932993, 0.725571, -0.02859, 0.997266, -0.068147, 0.730133, 0.0, 0.0, 0.0, 1.0],
                [0.9323, -0.003991, -0.361663, 0.004854, -0.360714, -0.083482, -0.928933, 0.726242, -0.026485, 0.996501, -0.07927, 0.730679, 0.0, 0.0, 0.0, 1.0],
                [0.929017, -0.010649, -0.369882, 0.004064, -0.369218, -0.093061, -0.924672, 0.726923, -0.024575, 0.995603, -0.090387, 0.731216, 0.0, 0.0, 0.0, 1.0],
                [0.925694, -0.017579, -0.377865, 0.003272, -0.377601, -0.10248, -0.92028, 0.727617, -0.022546, 0.99458, -0.101503, 0.731754, 0.0, 0.0, 0.0, 1.0],
                [0.922405, -0.024994, -0.385415, 0.00248, -0.3857, -0.11162, -0.915847, 0.728326, -0.020129, 0.993436, -0.112599, 0.732303, 0.0, 0.0, 0.0, 1.0],
                [0.919188, -0.032523, -0.392474, 0.001702, -0.393424, -0.120435, -0.911434, 0.729005, -0.017625, 0.992188, -0.123498, 0.73283, 0.0, 0.0, 0.0, 1.0],
                [0.91599, -0.039873, -0.399215, 0.000944, -0.400908, -0.129027, -0.906987, 0.729629, -0.015345, 0.990839, -0.134173, 0.733325, 0.0, 0.0, 0.0, 1.0],
                [0.912385, -0.047652, -0.406551, 0.000167, -0.409124, -0.137971, -0.901988, 0.730309, -0.013111, 0.989289, -0.145378, 0.733906, 0.0, 0.0, 0.0, 1.0],
                [0.908253, -0.056104, -0.414642, -0.000643, -0.41828, -0.147373, -0.896283, 0.73107, -0.010822, 0.987488, -0.157319, 0.734601, 0.0, 0.0, 0.0, 1.0],
                [0.905272, -0.063005, -0.420134, -0.001342, -0.424736, -0.155146, -0.891924, 0.731453, -0.008986, 0.98588, -0.167211, 0.734959, 0.0, 0.0, 0.0, 1.0],
                [0.904295, -0.066368, -0.421716, -0.001779, -0.426829, -0.159437, -0.890167, 0.731435, -0.008159, 0.984975, -0.172506, 0.734865, 0.0, 0.0, 0.0, 1.0],
                [0.904162, -0.067335, -0.42185, -0.001925, -0.427111, -0.16151, -0.889657, 0.731308, -0.008228, 0.984571, -0.174791, 0.734684, 0.0, 0.0, 0.0, 1.0],
                [0.904911, -0.067485, -0.420216, -0.001812, -0.425515, -0.163181, -0.890117, 0.730937, -0.008502, 0.984285, -0.17638, 0.734535, 0.0, 0.0, 0.0, 1.0],
