{
    "animation": [
        {
            "name": "Root",
            "time": [0.0, 0.0167, 0.05, 0.0667, 0.1, 0.1167, 0.1667, 0.2167, 0.25, 0.2667, 0.3, 0.3167, 0.35, 0.3667, 0.4, 0.4167, 0.45, 0.5, 0.5167, 0.65],
            "transform": [
                [0.085209, -0.025564, 0.996035, -0.085593, 0.995882, -0.028876, -0.085937, -0.019147, 0.030958, 0.999256, 0.022998, 0.48458, 0.0, 0.0, 0.0, 1.0],
                [0.172166, -0.025564, 0.984736, -0.085593, 0.98452, -0.028876, -0.172878, -0.019147, 0.032854, 0.999256, 0.020197, 0.48458, 0.0, 0.0, 0.0, 1.0],
                [0.285466, -0.025564, 0.958048, -0.085593, 0.95775, -0.028876, -0.286148, -0.019147, 0.034979, 0.999256, 0.016241, 0.48458, 0.0, 0.0, 0.0, 1.0],
                [0.402181, -0.025564, 0.915203, -0.085593, 0.914823, -0.028876, -0.402821, -0.019147, 0.036725, 0.999256, 0.011773, 0.48458, 0.0, 0.0, 0.0, 1.0],
                [0.500772, -0.025564, 0.865201, -0.085593, 0.864753, -0.028876, -0.501366, -0.019147, 0.0378, 0.999256, 0.007647, 0.48458, 0.0, 0.0, 0.0, 1.0],
                [0.543708, -0.025564, 0.838885, -0.085593, 0.838407, -0.028876, -0.544279, -0.019147, 0.038137, 0.999256, 0.005733, 0.48458, 0.0, 0.0, 0.0, 1.0],
                [0.42797, -0.025564, 0.903432, -0.085593, 0.903034, -0.028876, -0.428598, -0.019147, 0.037044, 0.999256, 0.010727, 0.48458, 0.0, 0.0, 0.0, 1.0],
                [0.180306, -0.025564, 0.983278, -0.085593, 0.983056, -0.028876, -0.181016, -0.019147, 0.03302, 0.999256, 0.019925, 0.48458, 0.0, 0.0, 0.0, 1.0],
                [0.076714, -0.025564, 0.996725, -0.085593, 0.996578, -0.028876, -0.077443, -0.019147, 0.030761, 0.999256, 0.023261, 0.48458, 0.0, 0.0, 0.0, 1.0],
                [0.045806, -0.025564, 0.998623, -0.085593, 0.998499, -0.028876, -0.046539, -0.019147, 0.030026, 0.999256, 0.024203, 0.48458, 0.0, 0.0, 0.0, 1.0],
                [0.103974, -0.025564, 0.994251, -0.085593, 0.994085, -0.028876, -0.104699, -0.019147, 0.031386, 0.999256, 0.022411, 0.48458, 0.0, 0.0, 0.0, 1.0],
                [0.22015, -0.025564, 0.975131, -0.085593, 0.97488, -0.028876, -0.22085, -0.019147, 0.033803, 0.999256, 0.018565, 0.48458, 0.0, 0.0, 0.0, 1.0],
                [0.329713, -0.025564, 0.943735, -0.085593, 0.943406, -0.028876, -0.33038, -0.019147, 0.035697, 0.999256, 0.014597, 0.48458, 0.0, 0.0, 0.0, 1.0],
                [0.387677, -0.025564, 0.921441, -0.085593, 0.921071, -0.028876, -0.388322, -0.019147, 0.036534, 0.999256, 0.012352, 0.48458, 0.0, 0.0, 0.0, 1.0],
                [0.329713, -0.025564, 0.943735, -0.085593, 0.943406, -0.028876, -0.33038, -0.019147, 0.035697, 0.999256, 0.014597, 0.48458, 0.0, 0.0, 0.0, 1.0],
                [0.22015, -0.025564, 0.975131, -0.085593, 0.97488, -0.028876, -0.22085, -0.019147, 0.033803, 0.999256, 0.018565, 0.48458, 0.0, 0.0, 0.0, 1.0],
                [0.197368, -0.025564, 0.979996, -0.085593, 0.979762, -0.028876, -0.198074, -0.019147, 0.033362, 0.999256, 0.019348, 0.48458, 0.0, 0.0, 0.0, 1.0],
                [0.172166, -0.025564, 0.984736, -0.085593, 0.98452, -0.028876, -0.172878, -0.019147, 0.032854, 0.999256, 0.020197, 0.48458, 0.0, 0.0, 0.0, 1.0],
                [0.085209, -0.025564, 0.996035, -0.085593, 0.995882, -0.028876, -0.085937, -0.019147, 0.030958, 0.999256, 0.022998, 0.48458, 0.0, 0.0, 0.0, 1.0],
                [0.045806, -0.025564, 0.998623, -0.085593, 0.998499, -0.028876, -0.046539, -0.072882, 0.030026, 0.999256, 0.024203, 0.48458, 0.0, 0.0, 0.0, 1.0]
            ]
        },
        {
            "name": "Thigh_R",
            "time": [0.0, 0.0167, 0.05, 0.0667, 0.1, 0.1167, 0.1667, 0.2167, 0.25, 0.2667, 0.3, 0.3167, 0.35, 0.3667, 0.4, 0.4167, 0.45, 0.5, 0.5167, 0.65],
            "transform": [
                [0.608864, 0.757015, 0.237081, 0.124994, 0.612195, -0.638466, 0.466456, -0.002831, 0.504481, -0.138863, -0.852181, -1.2e-05, 0.0, 0.0, 0.0, 1.0],
                [0.593668, 0.779377, 0.200303, 0.124994, 0.599963, -0.594571, 0.535286, -0.002831, 0.536284, -0.197603, -0.820579, -1.2e-05, 0.0, 0.0, 0.0, 1.0],
                [0.576686, 0.801309, 0.159154, 0.124994, 0.569652, -0.534048, 0.624733, -0.002831, 0.5856, -0.269608, -0.764448, -1.2e-05, 0.0, 0.0, 0.0, 1.0],
                [0.566095, 0.81467, 0.125859, 0.124994, 0.519044, -0.470876, 0.713352, -0.002831, 0.640412, -0.338495, -0.689413, -1.2e-05, 0.0, 0.0, 0.0, 1.0],
                [0.56589, 0.817621, 0.106103, 0.124994, 0.460205, -0.420018, 0.782175, -0.002831, 0.684089, -0.393793, -0.613959, -1.2e-05, 0.0, 0.0, 0.0, 1.0],
                [0.569081, 0.816144, 0.100246, 0.124994, 0.430084, -0.399338, 0.809666, -0.002831, 0.700837, -0.417648, -0.578268, -1.2e-05, 0.0, 0.0, 0.0, 1.0],
                [0.565137, 0.816233, 0.119897, 0.124994, 0.505073, -0.457223, 0.732018, -0.002831, 0.652319, -0.353131, -0.670653, -1.2e-05, 0.0, 0.0, 0.0, 1.0],
                [0.59231, 0.78123, 0.197083, 0.124994, 0.598356, -0.590324, 0.541747, -0.002831, 0.539571, -0.202952, -0.817111, -1.2e-05, 0.0, 0.0, 0.0, 1.0],
                [0.610386, 0.754579, 0.240899, 0.124994, 0.612938, -0.642588, 0.459772, -0.002831, 0.501732, -0.132978, -0.85474, -1.2e-05, 0.0, 0.0, 0.0, 1.0],
                [0.615933, 0.745345, 0.255107, 0.124994, 0.615022, -0.657306, 0.435544, -0.002831, 0.492313, -0.111364, -0.863263, -1.2e-05, 0.0, 0.0, 0.0, 1.0],
                [0.563431, 0.784328, 0.259552, 0.124994, 0.607429, -0.606228, 0.513343, -0.002831, 0.559977, -0.13157, -0.817993, -1.2e-05, 0.0, 0.0, 0.0, 1.0],
                [0.470618, 0.844291, 0.25629, 0.124994, 0.558614, -0.509948, 0.654146, -0.002831, 0.682985, -0.164683, -0.711625, -1.2e-05, 0.0, 0.0, 0.0, 1.0],
                [0.416736, 0.877151, 0.2386, 0.124994, 0.485941, -0.436792, 0.757017, -0.002831, 0.768239, -0.199529, -0.608273, -1.2e-05, 0.0, 0.0, 0.0, 1.0],
                [0.405203, 0.885929, 0.22569, 0.124994, 0.443563, -0.406374, 0.798819, -0.002831, 0.799413, -0.223576, -0.557632, -1.2e-05, 0.0, 0.0, 0.0, 1.0],
                [0.416736, 0.877151, 0.2386, 0.124994, 0.485941, -0.436792, 0.757017, -0.002831, 0.768239, -0.199529, -0.608273, -1.2e-05, 0.0, 0.0, 0.0, 1.0],
                [0.470618, 0.844291, 0.25629, 0.124994, 0.558614, -0.509948, 0.654146, -0.002831, 0.682985, -0.164683, -0.711625, -1.2e-05, 0.0, 0.0, 0.0, 1.0],
                [0.529856, 0.815637, 0.232341, 0.124994, 0.582424, -0.549097, 0.599396, -0.002831, 0.616468, -0.182269, -0.765992, -1.2e-05, 0.0, 0.0, 0.0, 1.0],
                [0.593668, 0.779377, 0.200303, 0.124994, 0.599963, -0.594571, 0.535286, -0.002831, 0.536284, -0.197603, -0.820579, -1.2e-05, 0.0, 0.0, 0.0, 1.0],
                [0.608864, 0.757015, 0.237081, 0.124994, 0.612195, -0.638466, 0.466456, -0.002831, 0.504481, -0.138863, -0.852181, -1.2e-05, 0.0, 0.0, 0.0, 1.0],
                [0.615933, 0.745345, 0.255107, 0.124994, 0.615022, -0.657306, 0.435544, -0.002831, 0.492313, -0.111364, -0.863263, -1.2e-05, 0.0, 0.0, 0.0, 1.0]
            ]
        },
        {
            "name": "Leg_R",
            "time": [0.0, 0.0167, 0.05, 0.0667, 0.1, 0.1167, 0.1667, 0.2167, 0.25, 0.2667, 0.3, 0.3167, 0.35, 0.3667, 0.4, 0.4167, 0.45, 0.5, 0.5167, 0.65],
            "transform": [
                [1.0, -1e-06, 0.0, -0.0, -0.0, 0.324864, 0.945764, 0.37472, -1e-06, -0.94576, 0.324864, -0.0, 0.0, 0.0, 0.0, 1.0],
                [1.0, -1e-06, 0.0, -0.0, -0.0, 0.308144, 0.951344, 0.37472, -1e-06, -0.951339, 0.308143, -0.0, 0.0, 0.0, 0.0, 1.0],
                [1.0, -0.0, 1e-06, 0.0, -0.0, 0.290548, 0.956865, 0.37472, -1e-06, -0.956859, 0.290546, 0.0, 0.0, 0.0, 0.0, 1.0],
                [1.0, -1e-06, 0.0, 0.0, -0.0, 0.277807, 0.960641, 0.37472, -1e-06, -0.960636, 0.277805, -0.0, 0.0, 0.0, 0.0, 1.0],
                [1.0, -1e-06, 0.0, -0.0, -0.0, 0.271893, 0.962332, 0.37472, -1e-06, -0.962325, 0.271891, -0.0, 0.0, 0.0, 0.0, 1.0],
                [1.0, -1e-06, 0.0, -0.0, -0.0, 0.270911, 0.962608, 0.37472, -1e-06, -0.962603, 0.270909, -0.0, 0.0, 0.0, 0.0, 1.0],
                [1.0, -1e-06, 0.0, 0.0, -0.0, 0.275801, 0.961219, 0.37472, -1e-06, -0.961213, 0.275799, 0.0, 0.0, 0.0, 0.0, 1.0],
                [1.0, -0.0, 1e-06, 0.0, -0.0, 0.306718, 0.951805, 0.37472, -1e-06, -0.9518, 0.306717, -0.0, 0.0, 0.0, 0.0, 1.0],
                [1.0, -1e-06, 1e-06, 0.0, -0.0, 0.326643, 0.945152, 0.37472, -1e-06, -0.945147, 0.326643, 0.0, 0.0, 0.0, 0.0, 1.0],
                [1.0, -1e-06, 0.0, 0.0, -0.0, 0.333328, 0.942815, 0.37472, -1e-06, -0.942811, 0.333327, 0.0, 0.0, 0.0, 0.0, 1.0],
                [1.0, -0.0, 1e-06, -0.0, 0.0, 0.320978, 0.94709, 0.37472, -1e-06, -0.947086, 0.320977, 0.0, 0.0, 0.0, 0.0, 1.0],
                [1.0, -1e-06, 0.0, -0.0, -0.0, 0.300122, 0.953904, 0.37472, -1e-06, -0.9539, 0.300121, -0.0, 0.0, 0.0, 0.0, 1.0],
                [1.0, -1e-06, 0.0, 0.0, -0.0, 0.284973, 0.958538, 0.37472, -1e-06, -0.958535, 0.284972, 0.0, 0.0, 0.0, 0.0, 1.0],
                [1.0, -1e-06, 0.0, 0.0, -0.0, 0.278938, 0.960311, 0.37472, -1e-06, -0.960308, 0.278936, 0.0, 0.0, 0.0, 0.0, 1.0],
                [1.0, -1e-06, 0.0, 0.0, -0.0, 0.284973, 0.958538, 0.37472, -1e-06, -0.958535, 0.284972, 0.0, 0.0, 0.0, 0.0, 1.0],
                [1.0, -1e-06, 0.0, -0.0, -0.0, 0.300122, 0.953904, 0.37472, -1e-06, -0.9539, 0.300121, -0.0, 0.0, 0.0, 0.0, 1.0],
                [1.0, -1e-06, 0.0, -0.0, -0.0, 0.303727, 0.952762, 0.37472, -1e-06, -0.952759, 0.303726, -0.0, 0.0, 0.0, 0.0, 1.0],
                [1.0, -1e-06, 0.0, -0.0, -0.0, 0.308144, 0.951344, 0.37472, -1e-06, -0.951339, 0.308143, -0.0, 0.0, 0.0, 0.0, 1.0],
                [1.0, -1e-06, 0.0, -0.0, -0.0, 0.324864, 0.945764, 0.37472, -1e-06, -0.94576, 0.324864, -0.0, 0.0, 0.0, 0.0, 1.0],
                [1.0, -1e-06, 0.0, 0.0, -0.0, 0.333328, 0.942815, 0.37472, -1e-06, -0.942811, 0.333327, -0.0, 0.0, 0.0, 0.0, 1.0]
            ]
        },
        {
            "name": "Knee_R",
            "time": [0.0, 0.0167, 0.05, 0.0667, 0.1, 0.1167, 0.1667, 0.2167, 0.25, 0.2667, 0.3, 0.3167, 0.35, 0.3667, 0.4, 0.4167, 0.45, 0.5, 0.5167, 0.65],
            "transform": [
                [1.0, 0.0, -0.0, 0.0, -0.0, 1e-06, -1.0, 0.449965, -0.0, 1.0, 1e-06, -0.0, 0.0, 0.0, 0.0, 1.0],
                [1.0, 0.0, -0.0, -0.0, -0.0, 1e-06, -1.0, 0.451817, -0.0, 1.0, 1e-06, -0.0, 0.0, 0.0, 0.0, 1.0],
                [1.0, 0.0, -0.0, -0.0, -0.0, 1e-06, -1.0, 0.453754, -0.0, 1.0, 1e-06, -0.0, 0.0, 0.0, 0.0, 1.0],
                [1.0, 0.0, -0.0, 0.0, -0.0, 1e-06, -1.0, 0.45515, -0.0, 1.0, 1e-06, -0.0, 0.0, 0.0, 0.0, 1.0],
                [1.0, 0.0, -0.0, 0.0, -0.0, 1e-06, -1.0, 0.455796, -0.0, 1.0, 1e-06, -0.0, 0.0, 0.0, 0.0, 1.0],
                [1.0, 0.0, -0.0, 0.0, -0.0, 1e-06, -1.0, 0.455903, -0.0, 1.0, 1e-06, -0.0, 0.0, 0.0, 0.0, 1.0],
                [1.0, 0.0, -0.0, 0.0, -0.0, 1e-06, -1.0, 0.455369, -0.0, 1.0, 1e-06, -0.0, 0.0, 0.0, 0.0, 1.0],
                [1.0, 0.0, -0.0, 0.0, -0.0, 1e-06, -1.0, 0.451974, -0.0, 1.0, 1e-06, -0.0, 0.0, 0.0, 0.0, 1.0],
                [1.0, 0.0, -0.0, 0.0, -0.0, 1e-06, -1.0, 0.449768, 0.0, 1.0, 1e-06, 0.0, 0.0, 0.0, 0.0, 1.0],
                [1.0, 0.0, -0.0, 0.0, -0.0, 1e-06, -1.0, 0.449024, -0.0, 1.0, 1e-06, -0.0, 0.0, 0.0, 0.0, 1.0],
                [1.0, 0.0, -0.0, -0.0, -0.0, 1e-06, -1.0, 0.450397, -0.0, 1.0, 1e-06, -0.0, 0.0, 0.0, 0.0, 1.0],
                [1.0, -0.0, -0.0, 0.0, -0.0, 1e-06, -1.0, 0.452701, 0.0, 1.0, 1e-06, -0.0, 0.0, 0.0, 0.0, 1.0],
                [1.0, 0.0, -0.0, 0.0, -0.0, 1e-06, -1.0, 0.454365, -0.0, 1.0, 1e-06, -0.0, 0.0, 0.0, 0.0, 1.0],
                [1.0, 0.0, -0.0, 0.0, -0.0, 1e-06, -1.0, 0.455026, -0.0, 1.0, 1e-06, -0.0, 0.0, 0.0, 0.0, 1.0],
                [1.0, 0.0, -0.0, 0.0, -0.0, 1e-06, -1.0, 0.454365, -0.0, 1.0, 1e-06, -0.0, 0.0, 0.0, 0.0, 1.0],
                [1.0, -0.0, -0.0, 0.0, -0.0, 1e-06, -1.0, 0.452701, 0.0, 1.0, 1e-06, -0.0, 0.0, 0.0, 0.0, 1.0],
                [1.0, -0.0, -0.0, 0.0, -0.0, 1e-06, -1.0, 0.452304, -0.0, 1.0, 1e-06, -0.0, 0.0, 0.0, 0.0, 1.0],
                [1.0, 0.0, -0.0, -0.0, -0.0, 1e-06, -1.0, 0.451817, -0.0, 1.0, 1e-06, -0.0, 0.0, 0.0, 0.0, 1.0],
                [1.0, 0.0, -0.0, 0.0, -0.0, 1e-06, -1.0, 0.449965, -0.0, 1.0, 1e-06, -0.0, 0.0, 0.0, 0.0, 1.0],
                [1.0, 0.0, -0.0, 0.0, -0.0, 1e-06, -1.0, 0.449024, -0.0, 1.0, 1e-06, -0.0, 0.0, 0.0, 0.0, 1.0]
            ]
        },
        {
            "name": "Thigh_L",
            "time": [0.0, 0.0167, 0.05, 0.0667, 0.1, 0.1167, 0.1667, 0.2167, 0.25, 0.2667, 0.3, 0.3167, 0.35, 0.3667, 0.4, 0.4167, 0.45, 0.5, 0.5167, 0.65],
            "transform": [
                [0.963304, -0.188908, 0.190684, -0.125006, -0.265956, -0.575899, 0.773051, -0.002831, -0.036217, -0.795393, -0.605006, -1.2e-05, 0.0, 0.0, 0.0, 1.0],
                [0.957992, -0.225086, 0.17773, -0.125006, -0.279688, -0.596179, 0.752558, -0.002831, -0.063428, -0.770651, -0.634088, -1.2e-05, 0.0, 0.0, 0.0, 1.0],
                [0.950517, -0.26686, 0.159078, -0.125006, -0.296417, -0.625679, 0.721569, -0.002831, -0.093022, -0.733012, -0.67382, -1.2e-05, 0.0, 0.0, 0.0, 1.0],
                [0.943217, -0.302295, 0.137701, -0.125006, -0.311396, -0.660351, 0.683351, -0.002831, -0.11564, -0.687422, -0.716987, -1.2e-05, 0.0, 0.0, 0.0, 1.0],
                [0.938432, -0.3247, 0.117969, -0.125006, -0.321071, -0.693721, 0.64472, -0.002831, -0.1275, -0.642897, -0.755261, -1.2e-05, 0.0, 0.0, 0.0, 1.0],
                [0.937035, -0.331817, 0.10892, -0.125006, -0.324008, -0.709621, 0.625664, -0.002831, -0.130311, -0.621555, -0.772451, -1.2e-05, 0.0, 0.0, 0.0, 1.0],
                [0.941796, -0.308894, 0.132685, -0.125006, -0.314252, -0.668687, 0.673871, -0.002831, -0.119428, -0.676341, -0.726837, -1.2e-05, 0.0, 0.0, 0.0, 1.0],
                [0.957467, -0.228299, 0.176459, -0.125006, -0.28094, -0.598177, 0.750504, -0.002831, -0.065782, -0.768153, -0.636872, -1.2e-05, 0.0, 0.0, 0.0, 1.0],
                [0.963784, -0.185199, 0.19189, -0.125006, -0.264584, -0.574018, 0.774918, -0.002831, -0.033363, -0.797622, -0.60223, -1.2e-05, 0.0, 0.0, 0.0, 1.0],
                [0.96546, -0.171459, 0.196186, -0.125006, -0.259556, -0.567315, 0.781526, -0.002831, -0.022697, -0.80545, -0.592223, -1.2e-05, 0.0, 0.0, 0.0, 1.0],
                [0.960809, -0.174803, 0.215153, -0.125006, -0.277124, -0.586494, 0.76107, -0.002831, -0.006848, -0.790863, -0.61195, -1.2e-05, 0.0, 0.0, 0.0, 1.0],
                [0.950821, -0.170203, 0.258787, -0.125006, -0.306865, -0.63114, 0.712387, -0.002831, 0.042084, -0.756763, -0.65233, -1.2e-05, 0.0, 0.0, 0.0, 1.0],
                [0.939791, -0.152233, 0.305971, -0.125006, -0.324076, -0.681147, 0.656516, -0.002831, 0.108472, -0.716142, -0.68947, -1.2e-05, 0.0, 0.0, 0.0, 1.0],
                [0.932962, -0.137619, 0.332632, -0.125006, -0.327, -0.710334, 0.623294, -0.002831, 0.150506, -0.690278, -0.707715, -1.2e-05, 0.0, 0.0, 0.0, 1.0],
                [0.939791, -0.152233, 0.305971, -0.125006, -0.324076, -0.681147, 0.656516, -0.002831, 0.108472, -0.716142, -0.68947, -1.2e-05, 0.0, 0.0, 0.0, 1.0],
                [0.950821, -0.170203, 0.258787, -0.125006, -0.306865, -0.63114, 0.712387, -0.002831, 0.042084, -0.756763, -0.65233, -1.2e-05, 0.0, 0.0, 0.0, 1.0],
                [0.955641, -0.199502, 0.216682, -0.125006, -0.294227, -0.613115, 0.733158, -0.002831, -0.013412, -0.764385, -0.644615, -1.2e-05, 0.0, 0.0, 0.0, 1.0],
                [0.957992, -0.225086, 0.17773, -0.125006, -0.279688, -0.596179, 0.752558, -0.002831, -0.063428, -0.770651, -0.634088, -1.2e-05, 0.0, 0.0, 0.0, 1.0],
                [0.963304, -0.188908, 0.190684, -0.125006, -0.265956, -0.575899, 0.773051, -0.002831, -0.036217, -0.795393, -0.605006, -1.2e-05, 0.0, 0.0, 0.0, 1.0],
                [0.96546, -0.171459, 0.196186, -0.125006, -0.259556, -0.567315, 0.781526, -0.002831, -0.022697, -0.80545, -0.592223, -1.2e-05, 0.0, 0.0, 0.0, 1.0]
            ]
        },
        {
            "name": "Leg_L",
            "time": [0.0, 0.0167, 0.05, 0.0667, 0.1, 0.1167, 0.1667, 0.2167, 0.25, 0.2667, 0.3, 0.3167, 0.35, 0.3667, 0.4, 0.4167, 0.45, 0.5, 0.5167, 0.65],
            "transform": [
                [1.0, -1e-06, 0.0, -0.0, -0.0, 0.202237, 0.979339, 0.37472, -1e-06, -0.979336, 0.202237, -0.0, 0.0, 0.0, 0.0, 1.0],
                [1.0, -1e-06, 0.0, 0.0, -0.0, 0.192601, 0.981279, 0.37472, -1e-06, -0.981276, 0.192601, -0.0, 0.0, 0.0, 0.0, 1.0],
                [1.0, -1e-06, 0.0, -0.0, -0.0, 0.18289, 0.983136, 0.37472, -1e-06, -0.983133, 0.18289, 0.0, 0.0, 0.0, 0.0, 1.0],
                [1.0, -1e-06, 0.0, 0.0, -0.0, 0.176535, 0.984297, 0.37472, -1e-06, -0.984294, 0.176535, -0.0, 0.0, 0.0, 0.0, 1.0],
                [1.0, -1e-06, 0.0, 0.0, -0.0, 0.174452, 0.984668, 0.37472, -1e-06, -0.984665, 0.174452, 0.0, 0.0, 0.0, 0.0, 1.0],
                [1.0, -1e-06, 0.0, 0.0, -0.0, 0.174624, 0.984637, 0.37472, -1e-06, -0.984635, 0.174624, -0.0, 0.0, 0.0, 0.0, 1.0],
                [1.0, -1e-06, 0.0, 0.0, -0.0, 0.17568, 0.98445, 0.37472, -1e-06, -0.984447, 0.17568, 0.0, 0.0, 0.0, 0.0, 1.0],
                [1.0, -1e-06, 0.0, 0.0, -0.0, 0.191794, 0.981438, 0.37472, -1e-06, -0.981435, 0.191794, -0.0, 0.0, 0.0, 0.0, 1.0],
                [1.0, -1e-06, 0.0, 0.0, -0.0, 0.203277, 0.979123, 0.37472, -1e-06, -0.979121, 0.203277, 0.0, 0.0, 0.0, 0.0, 1.0],
                [1.0, -1e-06, 0.0, 0.0, -0.0, 0.207206, 0.9783, 0.37472, -1e-06, -0.978296, 0.207206, 0.0, 0.0, 0.0, 0.0, 1.0],
                [1.0, -1e-06, 0.0, -0.0, -0.0, 0.200157, 0.979766, 0.37472, -1e-06, -0.979763, 0.200157, -0.0, 0.0, 0.0, 0.0, 1.0],
                [1.0, -1e-06, 0.0, -0.0, -0.0, 0.188207, 0.982131, 0.37472, -1e-06, -0.982129, 0.188207, 0.0, 0.0, 0.0, 0.0, 1.0],
                [1.0, -1e-06, 0.0, -0.0, -0.0, 0.180111, 0.983648, 0.37472, -1e-06, -0.983646, 0.180111, 0.0, 0.0, 0.0, 0.0, 1.0],
                [1.0, -1e-06, 0.0, 0.0, -0.0, 0.177175, 0.98418, 0.37472, -1e-06, -0.984179, 0.177175, 0.0, 0.0, 0.0, 0.0, 1.0],
                [1.0, -1e-06, 0.0, -0.0, -0.0, 0.180111, 0.983648, 0.37472, -1e-06, -0.983646, 0.180111, 0.0, 0.0, 0.0, 0.0, 1.0],
                [1.0, -1e-06, 0.0, -0.0, -0.0, 0.188207, 0.982131, 0.37472, -1e-06, -0.982129, 0.188207, 0.0, 0.0, 0.0, 0.0, 1.0],
                [1.0, -1e-06, 0.0, -0.0, -0.0, 0.190124, 0.981762, 0.37472, -1e-06, -0.98176, 0.190124, 0.0, 0.0, 0.0, 0.0, 1.0],
                [1.0, -1e-06, 0.0, 0.0, -0.0, 0.192601, 0.981279, 0.37472, -1e-06, -0.981276, 0.192601, -0.0, 0.0, 0.0, 0.0, 1.0],
                [1.0, -1e-06, 0.0, -0.0, -0.0, 0.202237, 0.979339, 0.37472, -1e-06, -0.979336, 0.202237, -0.0, 0.0, 0.0, 0.0, 1.0],
                [1.0, -1e-06, 0.0, -0.0, -0.0, 0.207206, 0.9783, 0.37472, -1e-06, -0.978297, 0.207206, -0.0, 0.0, 0.0, 0.0, 1.0]
            ]
        },
        {
            "name": "Knee_L",
            "time": [0.0, 0.0167, 0.05, 0.0667, 0.1, 0.1167, 0.1667, 0.2167, 0.25, 0.2667, 0.3, 0.3167, 0.35, 0.3667, 0.4, 0.4167, 0.45, 0.5, 0.5167, 0.65],
            "transform": [
                [1.0, 0.0, -0.0, 0.0, -0.0, 1e-06, -1.0, 0.463329, -0.0, 1.0, 1e-06, -0.0, 0.0, 0.0, 0.0, 1.0],
                [1.0, 0.0, -0.0, 0.0, -0.0, 1e-06, -1.0, 0.464362, -0.0, 1.0, 1e-06, -0.0, 0.0, 0.0, 0.0, 1.0],
                [1.0, 0.0, -0.0, 0.0, -0.0, 1e-06, -1.0, 0.4654, -0.0, 1.0, 1e-06, 0.0, 0.0, 0.0, 0.0, 1.0],
                [1.0, 0.0, -0.0, 0.0, -0.0, 1e-06, -1.0, 0.466079, 0.0, 1.0, 1e-06, -0.0, 0.0, 0.0, 0.0, 1.0],
                [1.0, 0.0, -0.0, 0.0, -0.0, 1e-06, -1.0, 0.466301, 0.0, 1.0, 0.0, -0.0, 0.0, 0.0, 0.0, 1.0],
                [1.0, 0.0, -0.0, 0.0, -0.0, 1e-06, -1.0, 0.466283, -0.0, 1.0, 0.0, -0.0, 0.0, 0.0, 0.0, 1.0],
                [1.0, 0.0, -0.0, 0.0, -0.0, 1e-06, -1.0, 0.46617, -0.0, 1.0, 1e-06, -0.0, 0.0, 0.0, 0.0, 1.0],
                [1.0, 0.0, -0.0, 0.0, -0.0, 1e-06, -1.0, 0.464448, -0.0, 1.0, 1e-06, -0.0, 0.0, 0.0, 0.0, 1.0],
                [1.0, 0.0, -0.0, 0.0, -0.0, 1e-06, -1.0, 0.463218, -0.0, 1.0, 1e-06, -0.0, 0.0, 0.0, 0.0, 1.0],
                [1.0, 0.0, -0.0, 0.0, -0.0, 1e-06, -1.0, 0.462796, -0.0, 1.0, 1e-06, -0.0, 0.0, 0.0, 0.0, 1.0],
                [1.0, 0.0, -0.0, 0.0, -0.0, 1e-06, -1.0, 0.463552, -0.0, 1.0, 1e-06, -0.0, 0.0, 0.0, 0.0, 1.0],
                [1.0, 0.0, -0.0, 0.0, -0.0, 1e-06, -1.0, 0.464832, -0.0, 1.0, 1e-06, -0.0, 0.0, 0.0, 0.0, 1.0],
                [1.0, 0.0, -0.0, 0.0, -0.0, 1e-06, -1.0, 0.465697, -0.0, 1.0, 1e-06, -0.0, 0.0, 0.0, 0.0, 1.0],
                [1.0, 0.0, -0.0, 0.0, -0.0, 1e-06, -1.0, 0.466011, -0.0, 1.0, 1e-06, -0.0, 0.0, 0.0, 0.0, 1.0],
                [1.0, 0.0, -0.0, 0.0, -0.0, 1e-06, -1.0, 0.465697, -0.0, 1.0, 1e-06, -0.0, 0.0, 0.0, 0.0, 1.0],
                [1.0, 0.0, -0.0, 0.0, -0.0, 1e-06, -1.0, 0.464832, -0.0, 1.0, 1e-06, -0.0, 0.0, 0.0, 0.0, 1.0],
                [1.0, 0.0, -0.0, 0.0, -0.0, 1e-06, -1.0, 0.464627, -0.0, 1.0, 1e-06, -0.0, 0.0, 0.0, 0.0, 1.0],
                [1.0, 0.0, -0.0, 0.0, -0.0, 1e-06, -1.0, 0.464362, -0.0, 1.0, 1e-06, -0.0, 0.0, 0.0, 0.0, 1.0],
                [1.0, 0.0, -0.0, 0.0, -0.0, 1e-06, -1.0, 0.463329, -0.0, 1.0, 1e-06, -0.0, 0.0, 0.0, 0.0, 1.0],
                [1.0, 0.0, -0.0, -0.0, -0.0, 1e-06, -1.0, 0.462796, -0.0, 1.0, 1e-06, -0.0, 0.0, 0.0, 0.0, 1.0]
            ]
        },
        {
            "name": "Torso",
            "time": [0.0, 0.0167, 0.05, 0.0667, 0.1, 0.1167, 0.1667, 0.2167, 0.25, 0.2667, 0.3, 0.3167, 0.35, 0.3667, 0.4, 0.4167, 0.45, 0.5, 0.5167, 0.65],
            "transform": [
                [0.947488, 0.144382, 0.285343, -0.0, -0.164656, 0.98517, 0.048254, 0.05, -0.274145, -0.092704, 0.95721, -0.0, 0.0, 0.0, 0.0, 1.0],
                [0.96143, 0.14042, 0.236504, -0.0, -0.167779, 0.980766, 0.099738, 0.05, -0.21795, -0.135572, 0.966498, -0.0, 0.0, 0.0, 0.0, 1.0],
                [0.975561, 0.138554, 0.17054, 0.0, -0.167297, 0.971541, 0.167687, 0.05, -0.142453, -0.19212, 0.970977, 0.0, 0.0, 0.0, 0.0, 1.0],
                [0.985057, 0.140832, 0.099146, -0.0, -0.160977, 0.957515, 0.239275, 0.05, -0.061236, -0.251659, 0.965877, 0.0, 0.0, 0.0, 0.0, 1.0],
                [0.988572, 0.146557, 0.035308, -0.0, -0.150351, 0.941504, 0.301605, 0.05, 0.01096, -0.303467, 0.952779, 0.0, 0.0, 0.0, 0.0, 1.0],
                [0.988618, 0.150317, 0.006237, -0.0, -0.143958, 0.933129, 0.329465, 0.05, 0.043705, -0.326613, 0.944147, 0.0, 0.0, 0.0, 0.0, 1.0],
                [0.986402, 0.141968, 0.082799, 0.0, -0.158702, 0.953725, 0.255386, 0.05, -0.042711, -0.265053, 0.963287, 0.0, 0.0, 0.0, 0.0, 1.0],
                [0.962599, 0.14016, 0.231858, -0.0, -0.167919, 0.980238, 0.104582, 0.05, -0.212618, -0.139604, 0.967111, -0.0, 0.0, 0.0, 0.0, 1.0],
                [0.945983, 0.144884, 0.290042, -0.0, -0.164193, 0.98548, 0.043246, 0.05, -0.279565, -0.088533, 0.956036, -0.0, 0.0, 0.0, 0.0, 1.0],
                [0.940295, 0.146883, 0.307036, 0.0, -0.162269, 0.986429, 0.02505, 0.05, -0.299189, -0.073376, 0.951368, -0.0, 0.0, 0.0, 0.0, 1.0],
                [0.952232, 0.142501, 0.270087, 0.0, -0.15957, 0.986284, 0.042213, 0.05, -0.260367, -0.083294, 0.96191, 0.0, 0.0, 0.0, 0.0, 1.0],
                [0.971631, 0.134886, 0.194267, 0.0, -0.152072, 0.985413, 0.076386, 0.05, -0.18113, -0.103762, 0.97797, -0.0, 0.0, 0.0, 0.0, 1.0],
                [0.984413, 0.129065, 0.119472, -0.0, -0.14219, 0.983847, 0.108754, 0.05, -0.103506, -0.124046, 0.986863, 0.0, 0.0, 0.0, 0.0, 1.0],
                [0.98887, 0.126546, 0.078241, -0.0, -0.135729, 0.982695, 0.12605, 0.05, -0.060936, -0.135267, 0.988934, -0.0, 0.0, 0.0, 0.0, 1.0],
                [0.984413, 0.129065, 0.119472, -0.0, -0.14219, 0.983847, 0.108754, 0.05, -0.103506, -0.124046, 0.986863, 0.0, 0.0, 0.0, 0.0, 1.0],
                [0.971631, 0.134886, 0.194267, 0.0, -0.152072, 0.985413, 0.076386, 0.05, -0.18113, -0.103762, 0.97797, -0.0, 0.0, 0.0, 0.0, 1.0],
                [0.966976, 0.138343, 0.214053, 0.0, -0.158733, 0.983984, 0.081119, 0.05, -0.199403, -0.112418, 0.973448, -0.0, 0.0, 0.0, 0.0, 1.0],
                [0.96143, 0.14042, 0.236504, -0.0, -0.167779, 0.980766, 0.099738, 0.05, -0.21795, -0.135572, 0.966498, -0.0, 0.0, 0.0, 0.0, 1.0],
                [0.947488, 0.144382, 0.285343, -0.0, -0.164656, 0.98517, 0.048254, 0.05, -0.274145, -0.092704, 0.95721, -0.0, 0.0, 0.0, 0.0, 1.0],
                [0.940295, 0.146883, 0.307036, -0.0, -0.162269, 0.986429, 0.02505, 0.05, -0.299189, -0.073376, 0.951368, -0.0, 0.0, 0.0, 0.0, 1.0]
            ]
        },
        {
            "name": "Chest",
            "time": [0.0, 0.0167, 0.05, 0.0667, 0.1, 0.1167, 0.1667, 0.2167, 0.25, 0.2667, 0.3, 0.3167, 0.35, 0.3667, 0.4, 0.4167, 0.45, 0.5, 0.5167, 0.65],
            "transform": [
                [0.597997, -0.09517, 0.795828, -0.0, -0.104534, 0.975183, 0.195167, 0.3, -0.794652, -0.199901, 0.573209, 0.0, 0.0, 0.0, 0.0, 1.0],
                [0.755839, -0.09517, 0.647804, -0.0, -0.059891, 0.975183, 0.213145, 0.3, -0.652013, -0.199901, 0.731382, 0.0, 0.0, 0.0, 0.0, 1.0],
                [0.913479, -0.09517, 0.395599, 0.0, 0.00575, 0.975183, 0.221325, 0.3, -0.406845, -0.199901, 0.891357, -0.0, 0.0, 0.0, 0.0, 1.0],
                [0.991754, -0.09517, 0.085829, 0.0, 0.07557, 0.975183, 0.208103, 0.3, -0.103505, -0.199901, 0.974334, 0.0, 0.0, 0.0, 0.0, 1.0],
                [0.977347, -0.09517, -0.189037, 0.0, 0.129669, 0.975183, 0.179454, 0.3, 0.167267, -0.199901, 0.965433, 0.0, 0.0, 0.0, 0.0, 1.0],
                [0.947361, -0.09517, -0.305697, 0.0, 0.150394, 0.975183, 0.162479, 0.3, 0.282648, -0.199901, 0.938163, 0.0, 0.0, 0.0, 0.0, 1.0],
                [0.995363, -0.09517, 0.013945, 0.0, 0.090409, 0.975183, 0.202099, 0.3, -0.032833, -0.199901, 0.979266, -0.0, 0.0, 0.0, 0.0, 1.0],
                [0.769264, -0.09517, 0.631804, 0.0, -0.055406, 0.975183, 0.214355, 0.3, -0.636524, -0.199901, 0.7449, -0.0, 0.0, 0.0, 0.0, 1.0],
                [0.58146, -0.09517, 0.80799, -0.0, -0.108537, 0.975183, 0.19297, 0.3, -0.806303, -0.199901, 0.5567, -0.0, 0.0, 0.0, 0.0, 1.0],
                [0.520139, -0.09517, 0.848763, 0.0, -0.122505, 0.975183, 0.184419, 0.3, -0.84525, -0.199901, 0.495572, 0.0, 0.0, 0.0, 0.0, 1.0],
                [0.709244, -0.09517, 0.698509, -0.0, -0.074484, 0.975183, 0.208494, 0.3, -0.701017, -0.199901, 0.684555, 0.0, 0.0, 0.0, 0.0, 1.0],
                [0.965878, -0.09517, 0.240878, 0.0, 0.041869, 0.975183, 0.217404, 0.3, -0.255591, -0.199901, 0.945893, -0.0, 0.0, 0.0, 0.0, 1.0],
                [0.958699, -0.09517, -0.268027, -0.0, 0.143857, 0.975183, 0.168294, 0.3, 0.245358, -0.199901, 0.948598, 0.0, 0.0, 0.0, 0.0, 1.0],
                [0.857783, -0.09517, -0.505125, 0.0, 0.182235, 0.975183, 0.12573, 0.3, 0.480624, -0.199901, 0.853839, 0.0, 0.0, 0.0, 0.0, 1.0],
                [0.958699, -0.09517, -0.268027, -0.0, 0.143857, 0.975183, 0.168294, 0.3, 0.245358, -0.199901, 0.948598, 0.0, 0.0, 0.0, 0.0, 1.0],
                [0.965878, -0.09517, 0.240878, 0.0, 0.041869, 0.975183, 0.217404, 0.3, -0.255591, -0.199901, 0.945893, -0.0, 0.0, 0.0, 0.0, 1.0],
                [0.879423, -0.095, 0.466465, -0.0, -0.011782, 0.975241, 0.220829, 0.3, -0.475895, -0.199698, 0.85653, 0.0, 0.0, 0.0, 0.0, 1.0],
                [0.755839, -0.09517, 0.647804, -0.0, -0.059891, 0.975183, 0.213145, 0.3, -0.652013, -0.199901, 0.731382, 0.0, 0.0, 0.0, 0.0, 1.0],
                [0.597997, -0.09517, 0.795828, -0.0, -0.104534, 0.975183, 0.195167, 0.3, -0.794652, -0.199901, 0.573209, 0.0, 0.0, 0.0, 0.0, 1.0],
                [0.520139, -0.09517, 0.848763, 0.0, -0.122505, 0.975183, 0.184419, 0.3, -0.84525, -0.199901, 0.495572, -0.0, 0.0, 0.0, 0.0, 1.0]
            ]
        },
        {
            "name": "Head",
            "time": [0.0, 0.0167, 0.05, 0.0667, 0.1, 0.1167, 0.1667, 0.2167, 0.25, 0.2667, 0.3, 0.3167, 0.35, 0.3667, 0.4, 0.4167, 0.45, 0.5, 0.5167, 0.65],
            "transform": [
                [0.163437, 0.193055, -0.96748, 0.0, -0.099602, 0.978885, 0.178505, 0.4, 0.981513, 0.067188, 0.179214, 0.0, 0.0, 0.0, 0.0, 1.0],
                [0.414443, 0.177581, -0.892581, -0.0, -0.129806, 0.982285, 0.135156, 0.4, 0.90077, 0.059848, 0.430152, 0.0, 0.0, 0.0, 0.0, 1.0],
                [0.715882, 0.153555, -0.681127, 0.0, -0.150838, 0.986493, 0.063863, 0.4, 0.681734, 0.057022, 0.729374, -0.0, 0.0, 0.0, 0.0, 1.0],
                [0.929334, 0.12825, -0.346251, 0.0, -0.14251, 0.989665, -0.015928, 0.4, 0.34063, 0.064147, 0.938006, -0.0, 0.0, 0.0, 0.0, 1.0],
                [0.993737, 0.110405, -0.01725, -0.0, -0.111405, 0.990858, -0.076089, 0.4, 0.008691, 0.077534, 0.996952, -0.0, 0.0, 0.0, 0.0, 1.0],
                [0.98657, 0.10435, 0.12566, 0.0, -0.09235, 0.990911, -0.097812, 0.4, -0.134725, 0.084894, 0.98724, 0.0, 0.0, 0.0, 0.0, 1.0],
                [0.957187, 0.123131, -0.261976, -0.0, -0.136334, 0.990121, -0.032763, 0.4, 0.255354, 0.067077, 0.964518, -0.0, 0.0, 0.0, 0.0, 1.0],
                [0.437697, 0.175972, -0.881734, 0.0, -0.132114, 0.982604, 0.130522, 0.4, 0.889364, 0.05936, 0.453331, -0.0, 0.0, 0.0, 0.0, 1.0],
                [0.139218, 0.194382, -0.970996, -0.0, -0.096222, 0.978561, 0.1821, 0.4, 0.985576, 0.06808, 0.154937, -0.0, 0.0, 0.0, 0.0, 1.0],
                [0.052427, 0.198914, -0.978614, 0.0, -0.083486, 0.977404, 0.194195, 0.4, 0.995129, 0.071519, 0.067849, 0.0, 0.0, 0.0, 0.0, 1.0],
                [0.285455, 0.190198, -0.93933, -0.0, -0.105405, 0.980395, 0.166482, 0.4, 0.952579, 0.051487, 0.299906, -0.0, 0.0, 0.0, 0.0, 1.0],
                [0.721958, 0.15654, -0.673997, 0.0, -0.127114, 0.9875, 0.093194, 0.4, 0.680161, 0.018393, 0.732832, 0.0, 0.0, 0.0, 0.0, 1.0],
                [0.963639, 0.112183, -0.24252, 0.0, -0.11042, 0.993665, 0.020895, 0.4, 0.243327, 0.006644, 0.969921, -0.0, 0.0, 0.0, 0.0, 1.0],
                [0.996014, 0.088949, 0.006578, 0.0, -0.08888, 0.995991, -0.010115, 0.4, -0.007451, 0.00949, 0.999927, 0.0, 0.0, 0.0, 0.0, 1.0],
                [0.963639, 0.112183, -0.24252, 0.0, -0.11042, 0.993665, 0.020895, 0.4, 0.243327, 0.006644, 0.969921, -0.0, 0.0, 0.0, 0.0, 1.0],
                [0.721958, 0.15654, -0.673997, 0.0, -0.127114, 0.9875, 0.093194, 0.4, 0.680161, 0.018393, 0.732832, 0.0, 0.0, 0.0, 0.0, 1.0],
                [0.563652, 0.16902, -0.808535, 0.0, -0.129908, 0.984799, 0.115305, 0.4, 0.815733, 0.040043, 0.57704, 0.0, 0.0, 0.0, 0.0, 1.0],
                [0.414443, 0.177581, -0.892581, -0.0, -0.129806, 0.982285, 0.135156, 0.4, 0.90077, 0.059848, 0.430152, 0.0, 0.0, 0.0, 0.0, 1.0],
                [0.163437, 0.193055, -0.96748, 0.0, -0.099602, 0.978885, 0.178505, 0.4, 0.981513, 0.067188, 0.179214, 0.0, 0.0, 0.0, 0.0, 1.0],
                [0.052427, 0.198914, -0.978614, 0.0, -0.083486, 0.977404, 0.194195, 0.4, 0.995129, 0.071519, 0.067849, 0.0, 0.0, 0.0, 0.0, 1.0]
            ]
        },
        {
            "name": "Shoulder_R",
            "time": [0.0, 0.0167, 0.05, 0.0667, 0.1, 0.1167, 0.1667, 0.2167, 0.25, 0.2667, 0.3, 0.3167, 0.35, 0.3667, 0.4, 0.4167, 0.45, 0.5, 0.5167, 0.65],
            "transform": [
                [-0.12989, 0.88604, 0.445041, 0.0, -0.570452, -0.433899, 0.697363, 0.4, 0.810995, -0.163294, 0.561803, 0.0, 0.0, 0.0, 0.0, 1.0],
                [-0.179037, 0.853648, 0.489112, -0.0, -0.480946, -0.509633, 0.713417, 0.4, 0.858275, -0.107508, 0.501802, 0.0, 0.0, 0.0, 0.0, 1.0],
                [-0.281639, 0.898198, 0.337519, 0.0, -0.416348, -0.431315, 0.800389, 0.4, 0.864485, 0.084895, 0.495438, -0.0, 0.0, 0.0, 0.0, 1.0],
                [-0.232498, 0.940573, 0.24752, 0.0, -0.514274, -0.334896, 0.789536, 0.4, 0.82551, 0.056273, 0.561575, -0.0, 0.0, 0.0, 0.0, 1.0],
                [-0.152612, 0.969685, 0.190839, -0.0, -0.669381, -0.243484, 0.701887, 0.4, 0.727075, -0.020628, 0.686247, -0.0, 0.0, 0.0, 0.0, 1.0],
                [-0.105203, 0.978586, 0.17692, 0.0, -0.749535, -0.194948, 0.632607, 0.4, 0.653551, -0.066056, 0.753994, 0.0, 0.0, 0.0, 0.0, 1.0],
                [-0.240505, 0.934268, 0.263249, -0.0, -0.557505, -0.354972, 0.750455, 0.4, 0.794572, 0.033726, 0.606232, -0.0, 0.0, 0.0, 0.0, 1.0],
                [-0.424182, 0.808595, 0.407729, 0.0, -0.338196, -0.559115, 0.756977, 0.4, 0.840055, 0.183204, 0.51063, -0.0, 0.0, 0.0, 0.0, 1.0],
                [-0.118311, 0.918488, 0.377335, -0.0, -0.623834, -0.364401, 0.691406, 0.4, 0.77255, -0.153594, 0.616097, -0.0, 0.0, 0.0, 0.0, 1.0],
                [-0.118753, 0.913463, 0.389207, 0.0, -0.615055, -0.375395, 0.693387, 0.4, 0.77949, -0.157042, 0.60641, 0.0, 0.0, 0.0, 0.0, 1.0],
                [-0.142142, 0.911016, 0.387099, -0.0, -0.589104, -0.392128, 0.706535, 0.4, 0.795457, -0.127613, 0.592421, -0.0, 0.0, 0.0, 0.0, 1.0],
                [-0.192357, 0.906962, 0.374724, 0.0, -0.54871, -0.415989, 0.725169, 0.4, 0.813582, -0.066123, 0.577677, 0.0, 0.0, 0.0, 0.0, 1.0],
                [-0.241234, 0.899231, 0.364952, 0.0, -0.507889, -0.437428, 0.742095, 0.4, 0.826955, -0.006336, 0.562232, -0.0, 0.0, 0.0, 0.0, 1.0],
                [-0.267677, 0.890848, 0.367067, 0.0, -0.479347, -0.453604, 0.751312, 0.4, 0.835808, 0.025157, 0.548445, 0.0, 0.0, 0.0, 0.0, 1.0],
                [-0.241234, 0.899231, 0.364952, 0.0, -0.507889, -0.437428, 0.742095, 0.4, 0.826955, -0.006336, 0.562232, -0.0, 0.0, 0.0, 0.0, 1.0],
                [-0.192357, 0.906962, 0.374724, 0.0, -0.54871, -0.415989, 0.725169, 0.4, 0.813582, -0.066123, 0.577677, 0.0, 0.0, 0.0, 0.0, 1.0],
                [-0.186507, 0.89551, 0.404074, 0.0, -0.533947, -0.437639, 0.723445, 0.4, 0.824691, -0.080826, 0.559778, 0.0, 0.0, 0.0, 0.0, 1.0],
                [-0.179037, 0.853648, 0.489112, -0.0, -0.480946, -0.509633, 0.713417, 0.4, 0.858275, -0.107508, 0.501802, 0.0, 0.0, 0.0, 0.0, 1.0],
                [-0.12989, 0.88604, 0.445041, 0.0, -0.570452, -0.433899, 0.697363, 0.4, 0.810995, -0.163294, 0.561803, 0.0, 0.0, 0.0, 0.0, 1.0],
                [-0.118753, 0.913463, 0.389207, 0.0, -0.615055, -0.375395, 0.693387, 0.4, 0.77949, -0.157042, 0.60641, 0.0, 0.0, 0.0, 0.0, 1.0]
            ]
        },
        {
            "name": "Arm_R",
            "time": [0.0, 0.0167, 0.05, 0.0667, 0.1, 0.1167, 0.1667, 0.2167, 0.25, 0.2667, 0.3, 0.3167, 0.35, 0.3667, 0.4, 0.4167, 0.45, 0.5, 0.5167, 0.65],
            "transform": [
                [-0.967011, -0.149539, 0.206222, -0.0, -0.25235, 0.451861, -0.855653, 0.39386, 0.03477, -0.879465, -0.474692, 0.0, 0.0, 0.0, 0.0, 1.0],
                [-0.810551, -0.57505, 0.111021, 0.0, -0.51248, 0.60464, -0.609735, 0.393861, 0.2835, -0.551116, -0.784792, -0.0, 0.0, 0.0, 0.0, 1.0],
                [-0.646892, -0.691559, -0.321366, -0.0, -0.596431, 0.721423, -0.351878, 0.39386, 0.475185, -0.035954, -0.879151, -0.0, 0.0, 0.0, 0.0, 1.0],
                [-0.480471, -0.774903, -0.410697, 0.0, -0.794033, 0.583197, -0.171445, 0.393861, 0.37237, 0.243733, -0.895508, -0.0, 0.0, 0.0, 0.0, 1.0],
                [-0.30619, -0.39962, -0.864032, 0.0, -0.717633, 0.693256, -0.066324, 0.393861, 0.6255, 0.59975, -0.499049, 0.0, 0.0, 0.0, 0.0, 1.0],
                [0.030121, -0.149919, -0.988239, -0.0, -0.6297, 0.764975, -0.135242, 0.393861, 0.776253, 0.626368, -0.071362, 0.0, 0.0, 0.0, 0.0, 1.0],
                [-0.131323, -0.500361, -0.855799, 0.0, -0.310388, 0.840624, -0.443858, 0.39386, 0.941496, 0.207341, -0.265699, 0.0, 0.0, 0.0, 0.0, 1.0],
                [-0.318509, -0.775741, -0.544771, -0.0, -0.733549, 0.565707, -0.37667, 0.393861, 0.60038, 0.279645, -0.749228, -0.0, 0.0, 0.0, 0.0, 1.0],
                [-0.918224, -0.164617, 0.36023, 0.0, -0.347877, -0.09957, -0.932238, 0.393861, 0.189331, -0.981319, 0.034161, -0.0, 0.0, 0.0, 0.0, 1.0],
                [-0.892699, -0.445189, 0.069966, -0.0, -0.326985, 0.533034, -0.780356, 0.393861, 0.310112, -0.7195, -0.621409, -0.0, 0.0, 0.0, 0.0, 1.0],
                [-0.587047, -0.728898, -0.352254, -0.0, -0.400154, 0.639513, -0.656429, 0.39386, 0.703741, -0.244399, -0.667096, -0.0, 0.0, 0.0, 0.0, 1.0],
                [-0.628579, -0.635983, -0.447675, 0.0, -0.499144, 0.771305, -0.394896, 0.39386, 0.596441, -0.024769, -0.802274, 0.0, 0.0, 0.0, 0.0, 1.0],
                [-0.402069, -0.323989, -0.856371, -0.0, -0.299104, 0.930465, -0.211591, 0.393861, 0.865376, 0.17107, -0.471018, -0.0, 0.0, 0.0, 0.0, 1.0],
                [-0.146254, 0.074673, -0.986424, 0.0, -0.098473, 0.991095, 0.089627, 0.393861, 0.984333, 0.110245, -0.137598, 0.0, 0.0, 0.0, 0.0, 1.0],
                [-0.402069, -0.323989, -0.856371, -0.0, -0.299104, 0.930465, -0.211591, 0.393861, 0.865376, 0.17107, -0.471018, -0.0, 0.0, 0.0, 0.0, 1.0],
                [-0.628579, -0.635983, -0.447675, 0.0, -0.499144, 0.771305, -0.394896, 0.39386, 0.596441, -0.024769, -0.802274, 0.0, 0.0, 0.0, 0.0, 1.0],
                [-0.632406, -0.621015, -0.463036, -0.0, -0.533332, 0.782571, -0.321154, 0.393861, 0.5618, 0.043852, -0.82611, -0.0, 0.0, 0.0, 0.0, 1.0],
                [-0.810551, -0.57505, 0.111021, 0.0, -0.51248, 0.60464, -0.609735, 0.393861, 0.2835, -0.551116, -0.784792, -0.0, 0.0, 0.0, 0.0, 1.0],
                [-0.967011, -0.149539, 0.206222, -0.0, -0.25235, 0.451861, -0.855653, 0.39386, 0.03477, -0.879465, -0.474692, 0.0, 0.0, 0.0, 0.0, 1.0],
                [-0.910589, -0.405153, 0.081718, 0.0, -0.309121, 0.536351, -0.785348, 0.393861, 0.274357, -0.74039, -0.613636, -0.0, 0.0, 0.0, 0.0, 1.0]
            ]
        },
        {
            "name": "Hand_R",
            "time": [0.0, 0.0167, 0.05, 0.0667, 0.1, 0.1167, 0.1667, 0.2167, 0.25, 0.2667, 0.3, 0.3167, 0.35, 0.3667, 0.4, 0.4167, 0.45, 0.5, 0.5167, 0.65],
            "transform": [
                [1.0, 0.0, 0.0, -0.0, -0.0, 0.863272, -0.504741, 0.3, 0.0, 0.50474, 0.863271, 0.0, 0.0, 0.0, 0.0, 1.0],
                [1.0, 0.0, 0.0, 0.0, 0.0, 0.775493, -0.631357, 0.3, -0.0, 0.631357, 0.775493, 0.0, 0.0, 0.0, 0.0, 1.0],
                [1.0, 0.0, 0.0, -0.0, 0.0, 0.685584, -0.727994, 0.3, -0.0, 0.727993, 0.685584, -0.0, 0.0, 0.0, 0.0, 1.0],
                [1.0, -0.0, -0.0, -0.0, -0.0, 0.866581, -0.499037, 0.3, -0.0, 0.499037, 0.86658, 0.0, 0.0, 0.0, 0.0, 1.0],
                [1.0, 0.0, 0.0, 0.0, 0.0, 0.957846, -0.287282, 0.3, -0.0, 0.287282, 0.957846, 0.0, 0.0, 0.0, 0.0, 1.0],
                [1.0, 0.0, 0.0, 0.0, -0.0, 0.99999, -0.004409, 0.3, -0.0, 0.004409, 0.99999, -0.0, 0.0, 0.0, 0.0, 1.0],
                [1.0, 0.0, 0.0, 0.0, -0.0, 0.837776, -0.546013, 0.3, -0.0, 0.546014, 0.837776, 0.0, 0.0, 0.0, 0.0, 1.0],
                [1.0, 0.0, 0.0, 0.0, -0.0, 0.740677, -0.671861, 0.3, -0.0, 0.671862, 0.740676, -0.0, 0.0, 0.0, 0.0, 1.0],
                [1.0, 0.0, 0.0, 0.0, -0.0, 0.778511, -0.627631, 0.3, -0.0, 0.627631, 0.778511, 0.0, 0.0, 0.0, 0.0, 1.0],
                [1.0, 0.0, 0.0, 0.0, 0.0, 0.325429, -0.945567, 0.3, -0.0, 0.945566, 0.325429, 0.0, 0.0, 0.0, 0.0, 1.0],
                [1.0, 0.0, -0.0, 0.0, -0.0, 0.115219, -0.99334, 0.3, -0.0, 0.99334, 0.115219, 0.0, 0.0, 0.0, 0.0, 1.0],
                [1.0, 0.0, -0.0, -0.0, 0.0, 0.439258, -0.898361, 0.3, -0.0, 0.898361, 0.439258, 0.0, 0.0, 0.0, 0.0, 1.0],
                [1.0, 0.0, -0.0, 0.0, -0.0, 0.587564, -0.809178, 0.3, -0.0, 0.809178, 0.587563, -0.0, 0.0, 0.0, 0.0, 1.0],
                [1.0, 0.0, 0.0, -0.0, -0.0, 0.876804, -0.480847, 0.3, -0.0, 0.480848, 0.876804, 0.0, 0.0, 0.0, 0.0, 1.0],
                [1.0, 0.0, -0.0, 0.0, -0.0, 0.587564, -0.809178, 0.3, -0.0, 0.809178, 0.587563, -0.0, 0.0, 0.0, 0.0, 1.0],
                [1.0, 0.0, -0.0, -0.0, 0.0, 0.439258, -0.898361, 0.3, -0.0, 0.898361, 0.439258, 0.0, 0.0, 0.0, 0.0, 1.0],
                [1.0, 0.0, -0.0, 0.0, -0.0, 0.03314, -0.999451, 0.3, -0.0, 0.999451, 0.03314, 0.0, 0.0, 0.0, 0.0, 1.0],
                [1.0, 0.0, 0.0, 0.0, 0.0, 0.775493, -0.631357, 0.3, -0.0, 0.631357, 0.775493, 0.0, 0.0, 0.0, 0.0, 1.0],
                [1.0, 0.0, 0.0, -0.0, -0.0, 0.863272, -0.504741, 0.3, 0.0, 0.50474, 0.863271, 0.0, 0.0, 0.0, 0.0, 1.0],
                [1.0, 0.0, 0.0, -0.0, -0.0, 0.386108, -0.922454, 0.3, -0.0, 0.922453, 0.386108, 0.0, 0.0, 0.0, 0.0, 1.0]
            ]
        },
        {
            "name": "Tool_R",
