{
    "animation": [
        {
            "name": "Root",
            "time": [0.0, 0.02, 0.04, 0.06, 0.08, 0.1, 0.12, 0.14, 0.16, 0.18, 0.2, 0.22, 0.24, 0.26, 0.28, 0.3, 0.32, 0.34, 0.36, 0.38, 0.4, 0.42, 0.44, 0.46, 0.48, 0.5, 0.52, 0.54, 0.56, 0.58, 0.6, 0.62, 0.64, 0.66, 0.68, 0.7, 0.72, 0.74, 0.76, 0.78, 0.8, 0.82, 0.84, 0.86, 0.88, 0.9, 0.92, 0.94, 0.96, 0.98, 1.0, 1.02, 1.04, 1.06, 1.08, 1.1, 1.12, 1.14, 1.16, 1.18, 1.2, 1.22, 1.24, 1.26, 1.28, 1.3, 1.32, 1.34, 1.36, 1.38, 1.4, 1.42, 1.44, 1.46, 1.48, 1.5, 1.52, 1.54, 1.56, 1.58, 1.6, 1.62, 1.64, 1.66, 1.68, 1.7, 1.72, 1.74, 1.76, 1.78, 1.8, 1.82, 1.84, 1.86, 1.88, 1.9, 1.92, 1.94, 1.96, 1.98, 2.0, 2.02, 2.04, 2.06, 2.08, 2.1, 2.12, 2.14, 2.16, 2.18, 2.2, 2.22, 2.24, 2.26, 2.28, 2.3, 2.32, 2.34, 2.36, 2.38, 2.4],
            "transform": [
                [0.944852, 0.0, 0.327497, 0.031677, 0.327497, 0.0, -0.944852, 0.015405, 0.0, 1.0, 0.0, 0.735356, 0.0, 0.0, 0.0, 1.0],
                [0.941833, -0.001629, 0.336076, 0.031677, 0.336076, -0.000517, -0.941835, 0.012469, 0.001708, 0.999998, 6.1e-05, 0.734467, 0.0, 0.0, 0.0, 1.0],
                [0.932685, -0.006368, 0.360635, 0.031677, 0.360629, -0.002102, -0.932707, 0.004277, 0.006697, 0.999978, 0.000336, 0.732011, 0.0, 0.0, 0.0, 1.0],
                [0.91669, -0.013986, 0.399355, 0.031677, 0.399326, -0.004919, -0.916796, -0.008248, 0.014787, 0.99989, 0.001076, 0.728299, 0.0, 0.0, 0.0, 1.0],
                [0.892588, -0.024223, 0.450222, 0.031677, 0.450135, -0.009247, -0.892913, -0.024182, 0.025793, 0.999664, 0.00265, 0.723647, 0.0, 0.0, 0.0, 1.0],
                [0.858871, -0.036751, 0.510872, 0.031677, 0.510668, -0.015434, -0.859639, -0.042603, 0.039478, 0.999205, 0.005511, 0.718368, 0.0, 0.0, 0.0, 1.0],
                [0.814102, -0.051144, 0.578466, 0.031677, 0.578063, -0.023843, -0.815643, -0.062586, 0.055508, 0.998407, 0.010154, 0.712775, 0.0, 0.0, 0.0, 1.0],
                [0.757264, -0.066868, 0.649676, 0.031677, 0.648968, -0.034787, -0.76002, -0.083209, 0.073421, 0.997155, 0.017052, 0.707182, 0.0, 0.0, 0.0, 1.0],
                [0.688117, -0.083285, 0.720805, 0.031677, 0.719665, -0.048465, -0.692628, -0.103548, 0.092619, 0.995346, 0.026588, 0.701902, 0.0, 0.0, 0.0, 1.0],
                [0.607464, -0.099701, 0.788065, 0.031677, 0.786355, -0.064898, -0.614356, -0.122679, 0.112396, 0.992899, 0.038978, 0.69725, 0.0, 0.0, 0.0, 1.0],
                [0.51728, -0.11544, 0.847995, 0.031677, 0.845575, -0.08389, -0.527224, -0.13968, 0.132001, 0.989766, 0.054218, 0.693539, 0.0, 0.0, 0.0, 1.0],
                [0.420599, -0.129931, 0.897894, 0.031677, 0.894637, -0.105035, -0.434273, -0.153831, 0.150736, 0.985944, 0.072063, 0.690954, 0.0, 0.0, 0.0, 1.0],
                [0.321202, -0.142793, 0.936183, 0.031677, 0.931982, -0.127755, -0.339247, -0.165226, 0.168045, 0.981473, 0.092045, 0.689174, 0.0, 0.0, 0.0, 1.0],
                [0.223156, -0.153889, 0.962559, 0.031677, 0.957338, -0.15138, -0.246147, -0.174164, 0.183591, 0.976423, 0.113543, 0.687747, 0.0, 0.0, 0.0, 1.0],
                [0.130345, -0.163337, 0.977922, 0.031677, 0.97164, -0.17523, -0.158776, -0.180942, 0.197295, 0.970884, 0.135864, 0.686222, 0.0, 0.0, 0.0, 1.0],
                [0.046126, -0.171484, 0.984107, 0.031677, 0.976758, -0.198695, -0.080405, -0.18586, 0.209325, 0.964942, 0.158333, 0.684148, 0.0, 0.0, 0.0, 1.0],
                [-0.026847, -0.178856, 0.983509, 0.031677, 0.975118, -0.221268, -0.013621, -0.189214, 0.220056, 0.958671, 0.180346, 0.681075, 0.0, 0.0, 0.0, 1.0],
                [-0.086601, -0.186099, 0.978707, 0.031677, 0.969326, -0.242558, 0.039649, -0.191304, 0.230015, 0.95212, 0.201396, 0.676553, 0.0, 0.0, 0.0, 1.0],
                [-0.131679, -0.193932, 0.972137, 0.031677, 0.961843, -0.262256, 0.077967, -0.192428, 0.239829, 0.94531, 0.221066, 0.670129, 0.0, 0.0, 0.0, 1.0],
                [-0.1609, -0.203113, 0.965845, 0.031677, 0.954736, -0.280087, 0.100148, -0.192883, 0.250179, 0.938241, 0.238986, 0.661354, 0.0, 0.0, 0.0, 1.0],
                [-0.173078, -0.214421, 0.961285, 0.031677, 0.949484, -0.295732, 0.104988, -0.192969, 0.261771, 0.930896, 0.254774, 0.649777, 0.0, 0.0, 0.0, 1.0],
                [-0.176058, -0.235729, 0.955738, 0.031677, 0.947913, -0.302417, 0.100026, -0.174545, 0.265453, 0.923567, 0.276693, 0.635002, 0.0, 0.0, 0.0, 1.0],
                [-0.176669, -0.271437, 0.946103, 0.031677, 0.94996, -0.298604, 0.091719, -0.124538, 0.257614, 0.914963, 0.310608, 0.618303, 0.0, 0.0, 0.0, 1.0],
                [-0.17217, -0.317105, 0.932632, 0.031677, 0.953506, -0.291384, 0.07695, -0.050844, 0.247352, 0.902519, 0.35253, 0.601737, 0.0, 0.0, 0.0, 1.0],
                [-0.160515, -0.368434, 0.915692, 0.031677, 0.956387, -0.287437, 0.051996, 0.038643, 0.244047, 0.884102, 0.398503, 0.587359, 0.0, 0.0, 0.0, 1.0],
                [-0.140648, -0.421581, 0.895817, 0.031677, 0.956022, -0.293041, 0.012192, 0.136025, 0.257371, 0.858136, 0.444256, 0.577224, 0.0, 0.0, 0.0, 1.0],
                [-0.112483, -0.473527, 0.873567, 0.031677, 0.948206, -0.313992, -0.048109, 0.233407, 0.297074, 0.82291, 0.48432, 0.573389, 0.0, 0.0, 0.0, 1.0],
                [-0.070513, -0.491291, 0.868136, 0.031677, 0.911815, -0.384663, -0.143625, 0.322894, 0.404502, 0.781452, 0.475091, 0.581759, 0.0, 0.0, 0.0, 1.0],
                [-0.003206, -0.471722, 0.881741, 0.031677, 0.827263, -0.496623, -0.26268, 0.396588, 0.561805, 0.72859, 0.39183, 0.611259, 0.0, 0.0, 0.0, 1.0],
                [0.089845, -0.454151, 0.886383, 0.031677, 0.71516, -0.589989, -0.37478, 0.446595, 0.693163, 0.667577, 0.271783, 0.668475, 0.0, 0.0, 0.0, 1.0],
                [0.193926, -0.467874, 0.862257, 0.031677, 0.62964, -0.614657, -0.475132, 0.465019, 0.752294, 0.635052, 0.175394, 0.759995, 0.0, 0.0, 0.0, 1.0],
                [0.306411, -0.484091, 0.819615, 0.031677, 0.58656, -0.58212, -0.563103, 0.460776, 0.749707, 0.653293, 0.105581, 0.889657, 0.0, 0.0, 0.0, 1.0],
                [0.429594, -0.466235, 0.773352, 0.031677, 0.555132, -0.539114, -0.633392, 0.449833, 0.712234, 0.701414, 0.027222, 1.050319, 0.0, 0.0, 0.0, 1.0],
                [0.552446, -0.421227, 0.719285, 0.031677, 0.526563, -0.492579, -0.69289, 0.434871, 0.646169, 0.761533, -0.050321, 1.23209, 0.0, 0.0, 0.0, 1.0],
                [0.663901, -0.360399, 0.655246, 0.031677, 0.492953, -0.44798, -0.745863, 0.418568, 0.562346, 0.818184, -0.119755, 1.425079, 0.0, 0.0, 0.0, 1.0],
                [0.756476, -0.299657, 0.581335, 0.031677, 0.447959, -0.410236, -0.79438, 0.403605, 0.476526, 0.861343, -0.1761, 1.619396, 0.0, 0.0, 0.0, 1.0],
                [0.827542, -0.25768, 0.498773, 0.031677, 0.386401, -0.383084, -0.839012, 0.392663, 0.407269, 0.887044, -0.21745, 1.80515, 0.0, 0.0, 0.0, 1.0],
                [0.876807, -0.254163, 0.408181, 0.031677, 0.302781, -0.36762, -0.879306, 0.38842, 0.373542, 0.894571, -0.245376, 1.972452, 0.0, 0.0, 0.0, 1.0],
                [0.910433, -0.281635, 0.302974, 0.031677, 0.197371, -0.347921, -0.916513, 0.38842, 0.363533, 0.894222, -0.261172, 2.113524, 0.0, 0.0, 0.0, 1.0],
                [0.932159, -0.315462, 0.17766, 0.031677, 0.075892, -0.309551, -0.94785, 0.38842, 0.354006, 0.89703, -0.264609, 2.229045, 0.0, 0.0, 0.0, 1.0],
                [0.936294, -0.349503, 0.034657, 0.031677, -0.058838, -0.253372, -0.965578, 0.38842, 0.346253, 0.902026, -0.257795, 2.321804, 0.0, 0.0, 0.0, 1.0],
                [0.918047, -0.377504, -0.121164, 0.031677, -0.20181, -0.18189, -0.962387, 0.38842, 0.341266, 0.907969, -0.243167, 2.394595, 0.0, 0.0, 0.0, 1.0],
                [0.874609, -0.394015, -0.282508, 0.031677, -0.346197, -0.099609, -0.932859, 0.38842, 0.33942, 0.913691, -0.223526, 2.450207, 0.0, 0.0, 0.0, 1.0],
                [0.805959, -0.395397, -0.440558, 0.031677, -0.48442, -0.012765, -0.874742, 0.38842, 0.340247, 0.918422, -0.201827, 2.491432, 0.0, 0.0, 0.0, 1.0],
                [0.714956, -0.380526, -0.586548, 0.031677, -0.609596, 0.071563, -0.789476, 0.38842, 0.342391, 0.921997, -0.180803, 2.521061, 0.0, 0.0, 0.0, 1.0],
                [0.606627, -0.350869, -0.713369, 0.031677, -0.716815, 0.146623, -0.681673, 0.38842, 0.343774, 0.924874, -0.162562, 2.541886, 0.0, 0.0, 0.0, 1.0],
                [0.486048, -0.311972, -0.816353, 0.031677, -0.803191, 0.208703, -0.557968, 0.38842, 0.344445, 0.926885, -0.149133, 2.55746, 0.0, 0.0, 0.0, 1.0],
                [0.357863, -0.26911, -0.894155, 0.031677, -0.867505, 0.258488, -0.424993, 0.38842, 0.345498, 0.927773, -0.140951, 2.56975, 0.0, 0.0, 0.0, 1.0],
                [0.226314, -0.22437, -0.947861, 0.031677, -0.910412, 0.297251, -0.287736, 0.38842, 0.346312, 0.928062, -0.136997, 2.579173, 0.0, 0.0, 0.0, 1.0],
                [0.094108, -0.178935, -0.97935, 0.031677, -0.933286, 0.326604, -0.149354, 0.38842, 0.346585, 0.928069, -0.136261, 2.586143, 0.0, 0.0, 0.0, 1.0],
                [-0.037476, -0.133149, -0.990387, 0.031677, -0.937388, 0.348103, -0.011329, 0.38842, 0.346266, 0.927952, -0.137858, 2.591077, 0.0, 0.0, 0.0, 1.0],
                [-0.16826, -0.086654, -0.981927, 0.031677, -0.923218, 0.362974, 0.126168, 0.38842, 0.345481, 0.927761, -0.141074, 2.594389, 0.0, 0.0, 0.0, 1.0],
                [-0.298772, -0.038504, -0.953547, 0.031677, -0.889983, 0.371913, 0.263838, 0.38842, 0.344477, 0.927469, -0.145385, 2.596495, 0.0, 0.0, 0.0, 1.0],
                [-0.429719, 0.012735, -0.902873, 0.031677, -0.83504, 0.374865, 0.402721, 0.38842, 0.343584, 0.926992, -0.150453, 2.597811, 0.0, 0.0, 0.0, 1.0],
                [-0.561193, 0.0689, -0.824813, 0.031677, -0.753178, 0.370699, 0.54342, 0.38842, 0.343199, 0.926194, -0.156139, 2.598751, 0.0, 0.0, 0.0, 1.0],
                [-0.691163, 0.132015, -0.710539, 0.031677, -0.635699, 0.356622, 0.684622, 0.38842, 0.343774, 0.924874, -0.162562, 2.599731, 0.0, 0.0, 0.0, 1.0],
                [-0.81286, 0.203504, -0.545752, 0.031677, -0.470257, 0.323574, 0.821071, 0.38842, 0.343682, 0.92406, -0.167321, 2.601078, 0.0, 0.0, 0.0, 1.0],
                [-0.905506, 0.276512, -0.32187, 0.031677, -0.251216, 0.261984, 0.931802, 0.38842, 0.341979, 0.924611, -0.167763, 2.602767, 0.0, 0.0, 0.0, 1.0],
                [-0.940241, 0.337058, -0.048366, 0.031677, 0.010596, 0.170932, 0.985226, 0.38842, 0.340346, 0.925837, -0.164288, 2.604684, 0.0, 0.0, 0.0, 1.0],
                [-0.896102, 0.370652, 0.244169, 0.031677, 0.284965, 0.058684, 0.95674, 0.38842, 0.340289, 0.926916, -0.15821, 2.606714, 0.0, 0.0, 0.0, 1.0],
                [-0.774865, 0.369968, 0.512551, 0.031677, 0.531371, -0.057961, 0.845154, 0.38842, 0.342388, 0.927235, -0.151679, 2.608745, 0.0, 0.0, 0.0, 1.0],
                [-0.6031, 0.339538, 0.721792, 0.031677, 0.718751, -0.161106, 0.676345, 0.38842, 0.34593, 0.926692, -0.14688, 2.610662, 0.0, 0.0, 0.0, 1.0],
                [-0.417589, 0.29255, 0.860252, 0.031677, 0.838794, -0.239887, 0.488752, 0.38842, 0.349348, 0.925672, -0.145215, 2.61235, 0.0, 0.0, 0.0, 1.0],
                [-0.248545, 0.243546, 0.937503, 0.031677, 0.902797, -0.292457, 0.315319, 0.38842, 0.350974, 0.924745, -0.147184, 2.613698, 0.0, 0.0, 0.0, 1.0],
                [-0.113342, 0.203669, 0.972457, 0.031677, 0.930069, -0.322512, 0.175948, 0.38842, 0.349464, 0.924394, -0.152872, 2.61459, 0.0, 0.0, 0.0, 1.0],
                [-0.019608, 0.180145, 0.983445, 0.031677, 0.938848, -0.334896, 0.080064, 0.38842, 0.343775, 0.924874, -0.162563, 2.614912, 0.0, 0.0, 0.0, 1.0],
                [0.046964, 0.164861, 0.985198, 0.031677, 0.941612, -0.336507, 0.011424, 0.388423, 0.33341, 0.927137, -0.171039, 2.614907, 0.0, 0.0, 0.0, 1.0],
                [0.10386, 0.146882, 0.983686, 0.031677, 0.941957, -0.332008, -0.049879, 0.38845, 0.319266, 0.931771, -0.172839, 2.61487, 0.0, 0.0, 0.0, 1.0],
                [0.152045, 0.12702, 0.980178, 0.031677, 0.941014, -0.321906, -0.104255, 0.388523, 0.302282, 0.938212, -0.168472, 2.61477, 0.0, 0.0, 0.0, 1.0],
                [0.19262, 0.105868, 0.975546, 0.031677, 0.939533, -0.306769, -0.152219, 0.388664, 0.283152, 0.945878, -0.158556, 2.614574, 0.0, 0.0, 0.0, 1.0],
                [0.226714, 0.083856, 0.970345, 0.031677, 0.937954, -0.287191, -0.194327, 0.388897, 0.262379, 0.954196, -0.143763, 2.614252, 0.0, 0.0, 0.0, 1.0],
                [0.255428, 0.061301, 0.964883, 0.031677, 0.936482, -0.263762, -0.231152, 0.389245, 0.24033, 0.962638, -0.124779, 2.613771, 0.0, 0.0, 0.0, 1.0],
                [0.279804, 0.038449, 0.959287, 0.031677, 0.935145, -0.237059, -0.263261, 0.38973, 0.217285, 0.970734, -0.102286, 2.613101, 0.0, 0.0, 0.0, 1.0],
                [0.300817, 0.01551, 0.953556, 0.031677, 0.93385, -0.207636, -0.291223, 0.390376, 0.193475, 0.978083, -0.076945, 2.612208, 0.0, 0.0, 0.0, 1.0],
                [0.319369, -0.00732, 0.947602, 0.031677, 0.932419, -0.17602, -0.315612, 0.391206, 0.169108, 0.984359, -0.04939, 2.611061, 0.0, 0.0, 0.0, 1.0],
                [0.336297, -0.02984, 0.941283, 0.031677, 0.930622, -0.14271, -0.337012, 0.392241, 0.144387, 0.989315, -0.020223, 2.60963, 0.0, 0.0, 0.0, 1.0],
                [0.352377, -0.051835, 0.934422, 0.031677, 0.928194, -0.108167, -0.356029, 0.393506, 0.119529, 0.99278, 0.009998, 2.607881, 0.0, 0.0, 0.0, 1.0],
                [0.368333, -0.073066, 0.926818, 0.031677, 0.924852, -0.07282, -0.373292, 0.395023, 0.094766, 0.994665, 0.040753, 2.605784, 0.0, 0.0, 0.0, 1.0],
                [0.384841, -0.093266, 0.918258, 0.031677, 0.920298, -0.037056, -0.389459, 0.396816, 0.07035, 0.994951, 0.071571, 2.603307, 0.0, 0.0, 0.0, 1.0],
                [0.402537, -0.112141, 0.908509, 0.031677, 0.914219, -0.001227, -0.405219, 0.398906, 0.046556, 0.993692, 0.102028, 2.600417, 0.0, 0.0, 0.0, 1.0],
                [0.422025, -0.129367, 0.897307, 0.031677, 0.906275, 0.034353, -0.42129, 0.401318, 0.023676, 0.991001, 0.13174, 2.597084, 0.0, 0.0, 0.0, 1.0],
                [0.443876, -0.144587, 0.884346, 0.031677, 0.896086, 0.0694, -0.438422, 0.404073, 0.002017, 0.987055, 0.160367, 2.593275, 0.0, 0.0, 0.0, 1.0],
                [0.468633, -0.157409, 0.869256, 0.031677, 0.883208, 0.103646, -0.457385, 0.407195, -0.018098, 0.982079, 0.187597, 2.588959, 0.0, 0.0, 0.0, 1.0],
                [0.496807, -0.167405, 0.851562, 0.031677, 0.8671, 0.136832, -0.478972, 0.410707, -0.036338, 0.976347, 0.213136, 2.584105, 0.0, 0.0, 0.0, 1.0],
                [0.528868, -0.174105, 0.830654, 0.031677, 0.847087, 0.168676, -0.503976, 0.414632, -0.052367, 0.970173, 0.23669, 2.578679, 0.0, 0.0, 0.0, 1.0],
                [0.565224, -0.176997, 0.805725, 0.031677, 0.822305, 0.198849, -0.533173, 0.418993, -0.065848, 0.963914, 0.25794, 2.572652, 0.0, 0.0, 0.0, 1.0],
                [0.606179, -0.175528, 0.775717, 0.031677, 0.791645, 0.226928, -0.567277, 0.423812, -0.076458, 0.957963, 0.276515, 2.56599, 0.0, 0.0, 0.0, 1.0],
                [0.651864, -0.169114, 0.739239, 0.031677, 0.75368, 0.252336, -0.606872, 0.429113, -0.083906, 0.952747, 0.291946, 2.558664, 0.0, 0.0, 0.0, 1.0],
                [0.702122, -0.157167, 0.694494, 0.031677, 0.706602, 0.274276, -0.652293, 0.434918, -0.087964, 0.948721, 0.30363, 2.55064, 0.0, 0.0, 0.0, 1.0],
                [0.756336, -0.13916, 0.639211, 0.031677, 0.648166, 0.291634, -0.703442, 0.44125, -0.088524, 0.946353, 0.310772, 2.541886, 0.0, 0.0, 0.0, 1.0],
                [0.807002, -0.094799, 0.58289, 0.031677, 0.579626, 0.316098, -0.751076, 0.453277, -0.11305, 0.943978, 0.31004, 2.527911, 0.0, 0.0, 0.0, 1.0],
                [0.807742, -0.094298, 0.581946, 0.031677, 0.578653, 0.315616, -0.752029, 0.4535, -0.112757, 0.94419, 0.309502, 2.497378, 0.0, 0.0, 0.0, 1.0],
                [0.808371, -0.093642, 0.581177, 0.031677, 0.577772, 0.315318, -0.752831, 0.453702, -0.112758, 0.944355, 0.308998, 2.449492, 0.0, 0.0, 0.0, 1.0],
                [0.808951, -0.092838, 0.5805, 0.031677, 0.576912, 0.315188, -0.753544, 0.453882, -0.113009, 0.944477, 0.308531, 2.386176, 0.0, 0.0, 0.0, 1.0],
                [0.809537, -0.091891, 0.579833, 0.031677, 0.576, 0.315214, -0.754231, 0.454042, -0.113464, 0.944561, 0.308106, 2.309349, 0.0, 0.0, 0.0, 1.0],
                [0.810189, -0.090805, 0.579093, 0.031677, 0.57496, 0.31538, -0.754954, 0.454184, -0.114081, 0.944611, 0.307727, 2.220933, 0.0, 0.0, 0.0, 1.0],
                [0.810963, -0.089585, 0.578199, 0.031677, 0.573721, 0.315673, -0.755774, 0.454308, -0.114816, 0.94463, 0.307396, 2.122849, 0.0, 0.0, 0.0, 1.0],
                [0.811916, -0.088236, 0.577067, 0.031677, 0.572209, 0.316079, -0.75675, 0.454415, -0.115626, 0.944621, 0.307119, 2.017018, 0.0, 0.0, 0.0, 1.0],
                [0.813104, -0.086763, 0.575616, 0.031677, 0.570348, 0.316582, -0.757944, 0.454507, -0.116468, 0.944589, 0.306899, 1.90536, 0.0, 0.0, 0.0, 1.0],
                [0.814582, -0.085171, 0.573761, 0.031677, 0.568064, 0.317168, -0.759413, 0.454585, -0.117299, 0.944537, 0.306742, 1.789798, 0.0, 0.0, 0.0, 1.0],
                [0.816405, -0.083463, 0.571416, 0.031677, 0.565279, 0.317823, -0.761215, 0.45465, -0.118076, 0.94447, 0.306652, 1.672252, 0.0, 0.0, 0.0, 1.0],
                [0.818625, -0.081644, 0.568495, 0.031677, 0.561916, 0.318529, -0.763406, 0.454703, -0.118754, 0.94439, 0.306633, 1.554642, 0.0, 0.0, 0.0, 1.0],
                [0.821293, -0.079719, 0.564909, 0.031677, 0.557895, 0.319271, -0.766041, 0.454745, -0.119291, 0.944304, 0.30669, 1.438891, 0.0, 0.0, 0.0, 1.0],
                [0.824457, -0.077692, 0.560567, 0.031677, 0.553134, 0.320033, -0.76917, 0.454778, -0.119642, 0.944216, 0.306827, 1.326918, 0.0, 0.0, 0.0, 1.0],
                [0.82816, -0.075566, 0.555375, 0.031677, 0.547548, 0.320795, -0.77284, 0.454803, -0.119761, 0.94413, 0.307045, 1.220645, 0.0, 0.0, 0.0, 1.0],
                [0.83244, -0.073349, 0.549239, 0.031677, 0.541053, 0.321539, -0.777093, 0.454821, -0.119603, 0.944051, 0.307348, 1.121993, 0.0, 0.0, 0.0, 1.0],
                [0.837333, -0.071045, 0.542058, 0.031677, 0.533558, 0.322247, -0.781967, 0.454833, -0.119122, 0.943986, 0.307735, 1.032884, 0.0, 0.0, 0.0, 1.0],
                [0.842862, -0.068659, 0.533732, 0.031677, 0.524972, 0.322899, -0.78749, 0.45484, -0.118273, 0.94394, 0.308203, 0.955237, 0.0, 0.0, 0.0, 1.0],
                [0.849045, -0.0662, 0.524157, 0.031677, 0.515201, 0.323473, -0.793683, 0.454844, -0.117008, 0.943919, 0.308749, 0.890974, 0.0, 0.0, 0.0, 1.0],
                [0.855888, -0.063676, 0.513227, 0.031677, 0.504149, 0.323948, -0.800557, 0.454846, -0.115283, 0.94393, 0.309365, 0.842016, 0.0, 0.0, 0.0, 1.0],
                [0.863385, -0.061095, 0.500832, 0.031677, 0.491717, 0.324303, -0.80811, 0.454846, -0.11305, 0.943978, 0.31004, 0.810284, 0.0, 0.0, 0.0, 1.0],
                [0.872239, -0.056501, 0.485806, 0.031677, 0.477191, 0.316, -0.82002, 0.454474, -0.107183, 0.947075, 0.302589, 0.789979, 0.0, 0.0, 0.0, 1.0],
                [0.882633, -0.048872, 0.467515, 0.031677, 0.460181, 0.292695, -0.83819, 0.453464, -0.095875, 0.954956, 0.280833, 0.773719, 0.0, 0.0, 0.0, 1.0],
                [0.89382, -0.039599, 0.446675, 0.031677, 0.441047, 0.257602, -0.85972, 0.451977, -0.08102, 0.965439, 0.247715, 0.761056, 0.0, 0.0, 0.0, 1.0],
                [0.905095, -0.029942, 0.424154, 0.031677, 0.420302, 0.214111, -0.881761, 0.45017, -0.064414, 0.97635, 0.206376, 0.75154, 0.0, 0.0, 0.0, 1.0],
                [0.915817, -0.020927, 0.401051, 0.031677, 0.398757, 0.165949, -0.901917, 0.448204, -0.047679, 0.985912, 0.160324, 0.744722, 0.0, 0.0, 0.0, 1.0],
                [0.925425, -0.013271, 0.378698, 0.031677, 0.377562, 0.117162, -0.918542, 0.446238, -0.03218, 0.993024, 0.113435, 0.740151, 0.0, 0.0, 0.0, 1.0],
                [0.933464, -0.007346, 0.358595, 0.031677, 0.358167, 0.071985, -0.930878, 0.444431, -0.018975, 0.997379, 0.069827, 0.737379, 0.0, 0.0, 0.0, 1.0],
                [0.939578, -0.003229, 0.342318, 0.031677, 0.34222, 0.034662, -0.93898, 0.442944, -0.008833, 0.999394, 0.033672, 0.735955, 0.0, 0.0, 0.0, 1.0],
                [0.943474, -0.000814, 0.331446, 0.031677, 0.331439, 0.009328, -0.943431, 0.441934, -0.002323, 0.999956, 0.00907, 0.735431, 0.0, 0.0, 0.0, 1.0],
                [0.944852, 0.0, 0.327497, 0.031677, 0.327497, -0.0, -0.944852, 0.441562, -0.0, 1.0, -0.0, 0.735356, 0.0, 0.0, 0.0, 1.0]
            ]
        },
        {
            "name": "Thigh_R",
            "time": [0.0, 0.02, 0.04, 0.06, 0.08, 0.1, 0.12, 0.14, 0.16, 0.18, 0.2, 0.22, 0.24, 0.26, 0.28, 0.3, 0.32, 0.34, 0.36, 0.38, 0.4, 0.42, 0.44, 0.46, 0.48, 0.5, 0.52, 0.54, 0.56, 0.58, 0.6, 0.62, 0.64, 0.66, 0.68, 0.7, 0.72, 0.74, 0.76, 0.78, 0.8, 0.82, 0.84, 0.86, 0.88, 0.9, 0.92, 0.94, 0.96, 0.98, 1.0, 1.02, 1.04, 1.06, 1.08, 1.1, 1.12, 1.14, 1.16, 1.18, 1.2, 1.22, 1.24, 1.26, 1.28, 1.3, 1.32, 1.34, 1.36, 1.38, 1.4, 1.42, 1.44, 1.46, 1.48, 1.5, 1.52, 1.54, 1.56, 1.58, 1.6, 1.62, 1.64, 1.66, 1.68, 1.7, 1.72, 1.74, 1.76, 1.78, 1.8, 1.82, 1.84, 1.86, 1.88, 1.9, 1.92, 1.94, 1.96, 1.98, 2.0, 2.02, 2.04, 2.06, 2.08, 2.1, 2.12, 2.14, 2.16, 2.18, 2.2, 2.22, 2.24, 2.26, 2.28, 2.3, 2.32, 2.34, 2.36, 2.38, 2.4],
            "transform": [
                [0.957709, 0.189705, 0.216343, 0.124994, 0.113996, -0.940509, 0.320071, -0.002831, 0.264192, -0.281872, -0.922362, -1.2e-05, 0.0, 0.0, 0.0, 1.0],
                [0.958771, 0.190167, 0.211171, 0.124994, 0.114679, -0.938814, 0.324767, -0.002831, 0.26001, -0.28716, -0.921919, -1.2e-05, 0.0, 0.0, 0.0, 1.0],
                [0.96181, 0.191025, 0.196036, 0.124994, 0.117, -0.934394, 0.336475, -0.002831, 0.24745, -0.300689, -0.921062, -1.2e-05, 0.0, 0.0, 0.0, 1.0],
                [0.966499, 0.191384, 0.171028, 0.124994, 0.121758, -0.928461, 0.350901, -0.002831, 0.22595, -0.318321, -0.920662, -1.2e-05, 0.0, 0.0, 0.0, 1.0],
                [0.972208, 0.190647, 0.135884, 0.124994, 0.129911, -0.922161, 0.364333, -0.002831, 0.194766, -0.336555, -0.921302, -1.2e-05, 0.0, 0.0, 0.0, 1.0],
                [0.977821, 0.188604, 0.091063, 0.124994, 0.142029, -0.916689, 0.373505, -0.002831, 0.153922, -0.352287, -0.923148, -1.2e-05, 0.0, 0.0, 0.0, 1.0],
                [0.981845, 0.185622, 0.03905, 0.124994, 0.157701, -0.913204, 0.375745, -0.002831, 0.105408, -0.362764, -0.9259, -1.2e-05, 0.0, 0.0, 0.0, 1.0],
                [0.983057, 0.1827, -0.014769, 0.124994, 0.175165, -0.912659, 0.369279, -0.002831, 0.053988, -0.365609, -0.929202, -1.2e-05, 0.0, 0.0, 0.0, 1.0],
                [0.981455, 0.181134, -0.062733, 0.124994, 0.191576, -0.915583, 0.353559, -0.002831, 0.006604, -0.35902, -0.933307, -1.2e-05, 0.0, 0.0, 0.0, 1.0],
                [0.978532, 0.181692, -0.097276, 0.124994, 0.203917, -0.921979, 0.329194, -0.002831, -0.029875, -0.341963, -0.939238, -1.2e-05, 0.0, 0.0, 0.0, 1.0],
                [0.976385, 0.183795, -0.113539, 0.124994, 0.209903, -0.931433, 0.297272, -0.002831, -0.051117, -0.314084, -0.948019, -1.2e-05, 0.0, 0.0, 0.0, 1.0],
                [0.976399, 0.185564, -0.110498, 0.124994, 0.208541, -0.943119, 0.258908, -0.002831, -0.056169, -0.27584, -0.959561, -1.2e-05, 0.0, 0.0, 0.0, 1.0],
                [0.978532, 0.185168, -0.090479, 0.124994, 0.200784, -0.955537, 0.215945, -0.002831, -0.04647, -0.229476, -0.972205, -1.2e-05, 0.0, 0.0, 0.0, 1.0],
                [0.981791, 0.180981, -0.057713, 0.124994, 0.188282, -0.967414, 0.169278, -0.002831, -0.025196, -0.177062, -0.983877, -1.2e-05, 0.0, 0.0, 0.0, 1.0],
                [0.984976, 0.171838, -0.017142, 0.124994, 0.172652, -0.977773, 0.118943, -0.002831, 0.003678, -0.120115, -0.992753, -1.2e-05, 0.0, 0.0, 0.0, 1.0],
                [0.98721, 0.157184, 0.026638, 0.124994, 0.155272, -0.985864, 0.062935, -0.002831, 0.036153, -0.057994, -0.997663, -1.2e-05, 0.0, 0.0, 0.0, 1.0],
                [0.98815, 0.136741, 0.069713, 0.124994, 0.137288, -0.990524, -0.003095, -0.002831, 0.068629, 0.012629, -0.997562, -1.2e-05, 0.0, 0.0, 0.0, 1.0],
                [0.987969, 0.117596, 0.100432, 0.124994, 0.119468, -0.992753, -0.012809, -0.002831, 0.098199, 0.024653, -0.994862, -1.2e-05, 0.0, 0.0, 0.0, 1.0],
                [0.987158, 0.101062, 0.12371, 0.124994, 0.102437, -0.994726, -0.004782, -0.002831, 0.122574, 0.017392, -0.992307, -1.2e-05, 0.0, 0.0, 0.0, 1.0],
                [0.986336, 0.09398, 0.135309, 0.124994, 0.086818, -0.994537, 0.05791, -0.002831, 0.140013, -0.045372, -0.98911, -1.2e-05, 0.0, 0.0, 0.0, 1.0],
                [0.986076, 0.088955, 0.1405, 0.124994, 0.073215, -0.990836, 0.113488, -0.002831, 0.149308, -0.101621, -0.983555, -1.2e-05, 0.0, 0.0, 0.0, 1.0],
                [0.986052, 0.079384, 0.146285, 0.124994, 0.045511, -0.974027, 0.221801, -0.002831, 0.160094, -0.21205, -0.964057, -1.2e-05, 0.0, 0.0, 0.0, 1.0],
                [0.983593, 0.052535, 0.172584, 0.124994, -0.012082, -0.935325, 0.353577, -0.002831, 0.179998, -0.349861, -0.919347, -1.2e-05, 0.0, 0.0, 0.0, 1.0],
                [0.973708, 0.010624, 0.227551, 0.124994, -0.098491, -0.881084, 0.462588, -0.002831, 0.205406, -0.472837, -0.856874, -1.2e-05, 0.0, 0.0, 0.0, 1.0],
                [0.949454, -0.041328, 0.311174, 0.124994, -0.208892, -0.82312, 0.528049, -0.002831, 0.23431, -0.566359, -0.790149, -1.2e-05, 0.0, 0.0, 0.0, 1.0],
                [0.90466, -0.100298, 0.414161, 0.124994, -0.332379, -0.774292, 0.538511, -0.002831, 0.266671, -0.624827, -0.73381, -1.2e-05, 0.0, 0.0, 0.0, 1.0],
                [0.838584, -0.167031, 0.518534, 0.124994, -0.453356, -0.741747, 0.494244, -0.002831, 0.302067, -0.649544, -0.697743, -1.2e-05, 0.0, 0.0, 0.0, 1.0],
                [0.781051, -0.227482, 0.581559, 0.124994, -0.522471, -0.748129, 0.409054, -0.002831, 0.342029, -0.623338, -0.703181, -1.2e-05, 0.0, 0.0, 0.0, 1.0],
                [0.745206, -0.277358, 0.606416, 0.124994, -0.530579, -0.79747, 0.287271, -0.002831, 0.403922, -0.535827, -0.741441, -1.2e-05, 0.0, 0.0, 0.0, 1.0],
                [0.722731, -0.350113, 0.595886, 0.124994, -0.515759, -0.847145, 0.127805, -0.002831, 0.460056, -0.399701, -0.792835, -1.2e-05, 0.0, 0.0, 0.0, 1.0],
                [0.731067, -0.3863, 0.562417, 0.124994, -0.513427, -0.85434, 0.080575, -0.002831, 0.44937, -0.347665, -0.822919, -1.2e-05, 0.0, 0.0, 0.0, 1.0],
                [0.77573, -0.316703, 0.545839, 0.124994, -0.495276, -0.841559, 0.215586, -0.002831, 0.39108, -0.437577, -0.809681, -1.2e-05, 0.0, 0.0, 0.0, 1.0],
                [0.839023, -0.216616, 0.499117, 0.124994, -0.426615, -0.831258, 0.356381, -0.002831, 0.337697, -0.511941, -0.789859, -1.2e-05, 0.0, 0.0, 0.0, 1.0],
                [0.902612, -0.104127, 0.41767, 0.124994, -0.321572, -0.808133, 0.493468, -0.002831, 0.28615, -0.57972, -0.762917, -1.2e-05, 0.0, 0.0, 0.0, 1.0],
                [0.951687, 0.000159, 0.307067, 0.124994, -0.198326, -0.763124, 0.615066, -0.002831, 0.234429, -0.646249, -0.726225, -1.2e-05, 0.0, 0.0, 0.0, 1.0],
                [0.979476, 0.076447, 0.1865, 0.124994, -0.080992, -0.69802, 0.711483, -0.002831, 0.184572, -0.711984, -0.677503, -1.2e-05, 0.0, 0.0, 0.0, 1.0],
                [0.989521, 0.113757, 0.088925, 0.124994, 0.001597, -0.62445, 0.781062, -0.002831, 0.144381, -0.772734, -0.618089, -1.2e-05, 0.0, 0.0, 0.0, 1.0],
                [0.991518, 0.116488, 0.057646, 0.124994, 0.01751, -0.559208, 0.828842, -0.002831, 0.128787, -0.820801, -0.556505, -1.2e-05, 0.0, 0.0, 0.0, 1.0],
                [0.989294, 0.115434, 0.08928, 0.124994, -0.01843, -0.508065, 0.861122, -0.002831, 0.144763, -0.853547, -0.500499, -1.2e-05, 0.0, 0.0, 0.0, 1.0],
                [0.978925, 0.140217, 0.148469, 0.124994, -0.066241, -0.469687, 0.880344, -0.002831, 0.193173, -0.871625, -0.450502, -1.2e-05, 0.0, 0.0, 0.0, 1.0],
                [0.95234, 0.201176, 0.229293, 0.124994, -0.116485, -0.454877, 0.882903, -0.002831, 0.28192, -0.867532, -0.409764, -1.2e-05, 0.0, 0.0, 0.0, 1.0],
                [0.900127, 0.298198, 0.317567, 0.124994, -0.151301, -0.4696, 0.869818, -0.002831, 0.408508, -0.830993, -0.377583, -1.2e-05, 0.0, 0.0, 0.0, 1.0],
                [0.820899, 0.415469, 0.391801, 0.124994, -0.150581, -0.504321, 0.850285, -0.002831, 0.550861, -0.756995, -0.351436, -1.2e-05, 0.0, 0.0, 0.0, 1.0],
                [0.730823, 0.528845, 0.431532, 0.124994, -0.108952, -0.533728, 0.838608, -0.002831, 0.673815, -0.659889, -0.332443, -1.2e-05, 0.0, 0.0, 0.0, 1.0],
                [0.654339, 0.622784, 0.428927, 0.124994, -0.042729, -0.535855, 0.843228, -0.002831, 0.754993, -0.570083, -0.324021, -1.2e-05, 0.0, 0.0, 0.0, 1.0],
                [0.603692, 0.694611, 0.391241, 0.124994, 0.025806, -0.507527, 0.861248, -0.002831, 0.7968, -0.509831, -0.324316, -1.2e-05, 0.0, 0.0, 0.0, 1.0],
                [0.583147, 0.727119, 0.362265, 0.124994, 0.122354, -0.519463, 0.845687, -0.002831, 0.803099, -0.448834, -0.391891, -1.2e-05, 0.0, 0.0, 0.0, 1.0],
                [0.585661, 0.7313, 0.34957, 0.124994, 0.291981, -0.592659, 0.750668, -0.002831, 0.75614, -0.337568, -0.560624, -1.2e-05, 0.0, 0.0, 0.0, 1.0],
                [0.584047, 0.732283, 0.350211, 0.124994, 0.477778, -0.658917, 0.580995, -0.00283, 0.656214, -0.172005, -0.734709, -1.2e-05, 0.0, 0.0, 0.0, 1.0],
                [0.572637, 0.737796, 0.35741, 0.124994, 0.61453, -0.67487, 0.408536, -0.002831, 0.542622, -0.014303, -0.839855, -1.2e-05, 0.0, 0.0, 0.0, 1.0],
                [0.564531, 0.756684, 0.329745, 0.124994, 0.690659, -0.651795, 0.313292, -0.00283, 0.45199, 0.050878, -0.890572, -1.2e-05, 0.0, 0.0, 0.0, 1.0],
                [0.558832, 0.796082, 0.232286, 0.124994, 0.736325, -0.605182, 0.302621, -0.002831, 0.381487, 0.001923, -0.924372, -1.2e-05, 0.0, 0.0, 0.0, 1.0],
                [0.548162, 0.831817, 0.087158, 0.124994, 0.772235, -0.543391, 0.329207, -0.002831, 0.321202, -0.113152, -0.940227, -1.2e-05, 0.0, 0.0, 0.0, 1.0],
                [0.538923, 0.838441, -0.081094, 0.124994, 0.795808, -0.475218, 0.375311, -0.002831, 0.276139, -0.266798, -0.923345, -1.2e-05, 0.0, 0.0, 0.0, 1.0],
                [0.541041, 0.807501, -0.234976, 0.124994, 0.802878, -0.412784, 0.430111, -0.002831, 0.250322, -0.421364, -0.87166, -1.2e-05, 0.0, 0.0, 0.0, 1.0],
                [0.567153, 0.758174, -0.321727, 0.124994, 0.785946, -0.381434, 0.486617, -0.002831, 0.246223, -0.528845, -0.812217, -1.2e-05, 0.0, 0.0, 0.0, 1.0],
                [0.628338, 0.721017, -0.292102, 0.124994, 0.735382, -0.428014, 0.525373, -0.002831, 0.253779, -0.544917, -0.799162, -1.2e-05, 0.0, 0.0, 0.0, 1.0],
                [0.70819, 0.679171, -0.192854, 0.124994, 0.662035, -0.543904, 0.515633, -0.002831, 0.245309, -0.492841, -0.834824, -1.2e-05, 0.0, 0.0, 0.0, 1.0],
                [0.784654, 0.603868, -0.140209, 0.124994, 0.587602, -0.652375, 0.478674, -0.002831, 0.197587, -0.457979, -0.866726, -1.2e-05, 0.0, 0.0, 0.0, 1.0],
                [0.848715, 0.494346, -0.187889, 0.124994, 0.517918, -0.705082, 0.484375, -0.002831, 0.106972, -0.508406, -0.854446, -1.2e-05, 0.0, 0.0, 0.0, 1.0],
                [0.894985, 0.330601, -0.299505, 0.124994, 0.446051, -0.67259, 0.590474, -0.00283, -0.006232, -0.662059, -0.749425, -1.2e-05, 0.0, 0.0, 0.0, 1.0],
                [0.927445, 0.163554, -0.336296, 0.124994, 0.369032, -0.545757, 0.752305, -0.002831, -0.060493, -0.821824, -0.566518, -1.2e-05, 0.0, 0.0, 0.0, 1.0],
                [0.96097, 0.206099, -0.184554, 0.124994, 0.251398, -0.372089, 0.893504, -0.002832, 0.11548, -0.905024, -0.40938, -1.2e-05, 0.0, 0.0, 0.0, 1.0],
                [0.803696, 0.581338, 0.126958, 0.124994, 0.039418, -0.264906, 0.963469, -0.002831, 0.593733, -0.76933, -0.235819, -1.2e-05, 0.0, 0.0, 0.0, 1.0],
                [0.568114, 0.774911, 0.27705, 0.124994, -0.031278, -0.316079, 0.948217, -0.002831, 0.822355, -0.54736, -0.155332, -1.2e-05, 0.0, 0.0, 0.0, 1.0],
                [0.540457, 0.778325, 0.319552, 0.124994, 0.047291, -0.407299, 0.91207, -0.002831, 0.840041, -0.477821, -0.256936, -1.2e-05, 0.0, 0.0, 0.0, 1.0],
                [0.567567, 0.731021, 0.378779, 0.124994, 0.139548, -0.538815, 0.830786, -0.00283, 0.811415, -0.418668, -0.407827, -1.2e-05, 0.0, 0.0, 0.0, 1.0],
                [0.569144, 0.677702, 0.465611, 0.124994, 0.194288, -0.66108, 0.724724, -0.002831, 0.798954, -0.322009, -0.50792, -1.2e-05, 0.0, 0.0, 0.0, 1.0],
                [0.552535, 0.628321, 0.547646, 0.124994, 0.220785, -0.743914, 0.63075, -0.002831, 0.803715, -0.227599, -0.549764, -1.2e-05, 0.0, 0.0, 0.0, 1.0],
                [0.526274, 0.591748, 0.61063, 0.124994, 0.229291, -0.790278, 0.568229, -0.002831, 0.818817, -0.159032, -0.551586, -1.2e-05, 0.0, 0.0, 0.0, 1.0],
                [0.494946, 0.58431, 0.643125, 0.124994, 0.224765, -0.80104, 0.554809, -0.002831, 0.83935, -0.130048, -0.527805, -1.2e-05, 0.0, 0.0, 0.0, 1.0],
                [0.463421, 0.599155, 0.65288, 0.124994, 0.212368, -0.790391, 0.574612, -0.002831, 0.860314, -0.127636, -0.493527, -1.2e-05, 0.0, 0.0, 0.0, 1.0],
                [0.435525, 0.615055, 0.657285, 0.124994, 0.196184, -0.777474, 0.597531, -0.002831, 0.878538, -0.131291, -0.459275, -1.2e-05, 0.0, 0.0, 0.0, 1.0],
                [0.412088, 0.631797, 0.656517, 0.124994, 0.176417, -0.762231, 0.6228, -0.002831, 0.893902, -0.140827, -0.425567, -1.2e-05, 0.0, 0.0, 0.0, 1.0],
                [0.394139, 0.648977, 0.650755, 0.124994, 0.153428, -0.744597, 0.64964, -0.00283, 0.906153, -0.156204, -0.393048, -1.2e-05, 0.0, 0.0, 0.0, 1.0],
                [0.38286, 0.666015, 0.640188, 0.124994, 0.127731, -0.724497, 0.677339, -0.002831, 0.914933, -0.177554, -0.362452, -1.2e-05, 0.0, 0.0, 0.0, 1.0],
                [0.375781, 0.683316, 0.625991, 0.124994, 0.100338, -0.701528, 0.705542, -0.002831, 0.92126, -0.202318, -0.332185, -1.2e-05, 0.0, 0.0, 0.0, 1.0],
                [0.369883, 0.701272, 0.609429, 0.124994, 0.071944, -0.675598, 0.733751, -0.00283, 0.926289, -0.227557, -0.300345, -1.2e-05, 0.0, 0.0, 0.0, 1.0],
                [0.365665, 0.719124, 0.590888, 0.124994, 0.042728, -0.647153, 0.761161, -0.002831, 0.929765, -0.253082, -0.267369, -1.2e-05, 0.0, 0.0, 0.0, 1.0],
                [0.363718, 0.73611, 0.570831, 0.124994, 0.012922, -0.61673, 0.787068, -0.002831, 0.931419, -0.278895, -0.233828, -1.2e-05, 0.0, 0.0, 0.0, 1.0],
                [0.364728, 0.751468, 0.549788, 0.124994, -0.017182, -0.584929, 0.810902, -0.002831, 0.930955, -0.305204, -0.200429, -1.2e-05, 0.0, 0.0, 0.0, 1.0],
                [0.369469, 0.764428, 0.528338, 0.124994, -0.047212, -0.55239, 0.832248, -0.002831, 0.928043, -0.332433, -0.168001, -1.2e-05, 0.0, 0.0, 0.0, 1.0],
                [0.378817, 0.774196, 0.507066, 0.124994, -0.07671, -0.519747, 0.850869, -0.002831, 0.922287, -0.36122, -0.137501, -1.2e-05, 0.0, 0.0, 0.0, 1.0],
                [0.393756, 0.779904, 0.486521, 0.124994, -0.105104, -0.487608, 0.866713, -0.002831, 0.913186, -0.392409, -0.110028, -1.2e-05, 0.0, 0.0, 0.0, 1.0],
                [0.415358, 0.780551, 0.467135, 0.124994, -0.13169, -0.456521, 0.879912, -0.002831, 0.900075, -0.426995, -0.086829, -1.2e-05, 0.0, 0.0, 0.0, 1.0],
                [0.444742, 0.774912, 0.449126, 0.124994, -0.155609, -0.426969, 0.890776, -0.002831, 0.882037, -0.466053, -0.069308, -1.2e-05, 0.0, 0.0, 0.0, 1.0],
                [0.482963, 0.761445, 0.432372, 0.124994, -0.175823, -0.399392, 0.899763, -0.002831, 0.857807, -0.510572, -0.059012, -1.2e-05, 0.0, 0.0, 0.0, 1.0],
                [0.530809, 0.738216, 0.416266, 0.124994, -0.191115, -0.374254, 0.907419, -0.002831, 0.825661, -0.56122, -0.057574, -1.2e-05, 0.0, 0.0, 0.0, 1.0],
                [0.588467, 0.70289, 0.399563, 0.124994, -0.200119, -0.352188, 0.914284, -0.002831, 0.783363, -0.617985, -0.06659, -1.2e-05, 0.0, 0.0, 0.0, 1.0],
                [0.655072, 0.652897, 0.380269, 0.124994, -0.201412, -0.334182, 0.920736, -0.002831, 0.728226, -0.679738, -0.087413, -1.2e-05, 0.0, 0.0, 0.0, 1.0],
                [0.721385, 0.606327, 0.334618, 0.124994, -0.173228, -0.309836, 0.934877, -0.00283, 0.670518, -0.73237, -0.118479, -1.2e-05, 0.0, 0.0, 0.0, 1.0],
                [0.723212, 0.610193, 0.32346, 0.124994, -0.174509, -0.291698, 0.940456, -0.00283, 0.668214, -0.736596, -0.104476, -1.2e-05, 0.0, 0.0, 0.0, 1.0],
                [0.725129, 0.617642, 0.304472, 0.124994, -0.177875, -0.259143, 0.949318, -0.002831, 0.665242, -0.742536, -0.078049, -1.2e-05, 0.0, 0.0, 0.0, 1.0],
                [0.7273, 0.626495, 0.280246, 0.124994, -0.182556, -0.217026, 0.958944, -0.00283, 0.661595, -0.748599, -0.043473, -1.2e-05, 0.0, 0.0, 0.0, 1.0],
                [0.729806, 0.634743, 0.253935, 0.124994, -0.187752, -0.171068, 0.967205, -0.002831, 0.657368, -0.753547, -0.005672, -1.2e-05, 0.0, 0.0, 0.0, 1.0],
                [0.732652, 0.641015, 0.228731, 0.124994, -0.192718, -0.126927, 0.97301, -0.002831, 0.652748, -0.756958, 0.030542, -1.2e-05, 0.0, 0.0, 0.0, 1.0],
                [0.735784, 0.644712, 0.207284, 0.124994, -0.196853, -0.089253, 0.976363, -0.002831, 0.647974, -0.759195, 0.061243, -1.2e-05, 0.0, 0.0, 0.0, 1.0],
                [0.739108, 0.645848, 0.191305, 0.124994, -0.199736, -0.061095, 0.977943, -0.002831, 0.643292, -0.761015, 0.083843, -1.2e-05, 0.0, 0.0, 0.0, 1.0],
                [0.742522, 0.644758, 0.181513, 0.124994, -0.20112, -0.043876, 0.978584, -0.002831, 0.638914, -0.763125, 0.097095, -1.2e-05, 0.0, 0.0, 0.0, 1.0],
                [0.74593, 0.641824, 0.177903, 0.124994, -0.200878, -0.037868, 0.978884, -0.002831, 0.635009, -0.765914, 0.100681, -1.2e-05, 0.0, 0.0, 0.0, 1.0],
                [0.749254, 0.637287, 0.18023, 0.124994, -0.198928, -0.043009, 0.97907, -0.002831, 0.631701, -0.769424, 0.094549, -1.2e-05, 0.0, 0.0, 0.0, 1.0],
                [0.752208, 0.632622, 0.184314, 0.124994, -0.193936, -0.054775, 0.979484, -0.002831, 0.629739, -0.772519, 0.081486, -1.2e-05, 0.0, 0.0, 0.0, 1.0],
                [0.754615, 0.628973, 0.186945, 0.124994, -0.185097, -0.069288, 0.980275, -0.002831, 0.629519, -0.774332, 0.064136, -1.2e-05, 0.0, 0.0, 0.0, 1.0],
                [0.756644, 0.625774, 0.189457, 0.124994, -0.173005, -0.087816, 0.980999, -0.002831, 0.630522, -0.775043, 0.041817, -1.2e-05, 0.0, 0.0, 0.0, 1.0],
                [0.758578, 0.622312, 0.193097, 0.124994, -0.15821, -0.111566, 0.981083, -0.002831, 0.632083, -0.774776, 0.013825, -1.2e-05, 0.0, 0.0, 0.0, 1.0],
                [0.760814, 0.617705, 0.199001, 0.124994, -0.14131, -0.1416, 0.979786, -0.002831, 0.633398, -0.773555, -0.020444, -1.2e-05, 0.0, 0.0, 0.0, 1.0],
                [0.763856, 0.610883, 0.208192, 0.124994, -0.123007, -0.178867, 0.976154, -0.002831, 0.633555, -0.771249, -0.061486, -1.2e-05, 0.0, 0.0, 0.0, 1.0],
                [0.768254, 0.600563, 0.221602, 0.124994, -0.104123, -0.22433, 0.968935, -0.002831, 0.631619, -0.767461, -0.10981, -1.2e-05, 0.0, 0.0, 0.0, 1.0],
                [0.774518, 0.5852, 0.240126, 0.124994, -0.085556, -0.27921, 0.956411, -0.002831, 0.626738, -0.761301, -0.166186, -1.2e-05, 0.0, 0.0, 0.0, 1.0],
                [0.78301, 0.562845, 0.264764, 0.124994, -0.068193, -0.345414, 0.935969, -0.002831, 0.618259, -0.750927, -0.232081, -1.2e-05, 0.0, 0.0, 0.0, 1.0],
                [0.79385, 0.530688, 0.296937, 0.124994, -0.052815, -0.426277, 0.903049, -0.002831, 0.605816, -0.732567, -0.310373, -1.2e-05, 0.0, 0.0, 0.0, 1.0],
                [0.808946, 0.487331, 0.328808, 0.124994, -0.035451, -0.517852, 0.854736, -0.002831, 0.586813, -0.70309, -0.401639, -1.2e-05, 0.0, 0.0, 0.0, 1.0],
                [0.828856, 0.43646, 0.35, 0.124994, -0.012955, -0.610458, 0.791942, -0.002831, 0.559312, -0.660939, -0.500328, -1.2e-05, 0.0, 0.0, 0.0, 1.0],
                [0.851597, 0.382156, 0.358803, 0.124994, 0.012516, -0.699107, 0.714907, -0.002831, 0.524048, -0.60432, -0.600141, -1.2e-05, 0.0, 0.0, 0.0, 1.0],
                [0.875293, 0.329898, 0.353594, 0.124994, 0.038638, -0.77655, 0.628868, -0.002831, 0.482046, -0.53678, -0.692457, -1.2e-05, 0.0, 0.0, 0.0, 1.0],
                [0.898168, 0.287498, 0.332623, 0.124994, 0.063184, -0.833114, 0.549478, -0.002831, 0.435087, -0.472507, -0.766444, -1.2e-05, 0.0, 0.0, 0.0, 1.0],
                [0.918598, 0.255013, 0.301902, 0.124994, 0.083739, -0.872193, 0.481939, -0.002831, 0.386218, -0.417427, -0.822551, -1.2e-05, 0.0, 0.0, 0.0, 1.0],
                [0.935311, 0.22773, 0.270797, 0.124994, 0.098629, -0.902809, 0.418574, -0.002831, 0.3398, -0.364788, -0.866871, -1.2e-05, 0.0, 0.0, 0.0, 1.0],
